-0.267450 -0.934441 0.235139 -0.247224
-0.438500 -0.099265 -0.893233 -0.225548
0.858014 -0.342003 -0.383204 -0.604181
0.000000 0.000000 0.000000 1.000000
0.307998 -0.627670 0.714960 -0.081572
-0.394159 -0.768149 -0.504565 -0.443446
0.865896 -0.126402 -0.483990 -0.506875
0.000000 0.000000 0.000000 1.000000
0.102658 -0.990692 -0.089392 -0.535863
-0.347752 0.048453 -0.936334 -0.216474
0.931950 0.127208 -0.339541 -0.454310
0.000000 0.000000 0.000000 1.000000
0.179604 -0.554485 0.812581 -0.137924
0.085147 -0.814151 -0.574376 -0.559278
0.980047 0.172349 -0.099012 -0.380688
0.000000 0.000000 0.000000 1.000000
0.084576 -0.989786 0.114766 -0.644444
-0.207367 -0.130141 -0.969568 -0.314902
0.974600 0.058203 -0.216256 -0.195050
0.000000 0.000000 0.000000 1.000000
-0.140427 -0.893538 0.426462 -0.504547
-0.079814 -0.419112 -0.904420 -0.459098
0.986869 -0.161043 -0.012462 -0.363972
0.000000 0.000000 0.000000 1.000000
-0.074387 -0.818110 0.570230 -0.300103
-0.767792 -0.317909 -0.556264 -0.454435
0.636366 -0.479197 -0.604491 -0.361598
0.000000 0.000000 0.000000 1.000000
-0.334879 -0.797413 0.501984 -0.394025
-0.337320 -0.395983 -0.854057 -0.438556
0.879813 -0.455335 -0.136377 -0.323238
0.000000 0.000000 0.000000 1.000000
0.749200 -0.653406 0.108444 -0.314485
-0.320930 -0.501340 -0.803531 -0.692290
0.579400 0.567202 -0.585301 -0.304459
0.000000 0.000000 0.000000 1.000000
0.034884 -0.964929 -0.260183 -0.660015
-0.568677 0.194919 -0.799133 -0.203140
0.821821 0.175837 -0.541933 -0.367659
0.000000 0.000000 0.000000 1.000000
0.620699 -0.698377 0.356373 -0.464592
0.042850 -0.423634 -0.904819 -0.580516
0.782877 0.576891 -0.233024 -0.209942
0.000000 0.000000 0.000000 1.000000
-0.149072 -0.965226 -0.214746 -0.651901
-0.748542 0.252058 -0.613312 -0.186658
0.646114 0.069319 -0.760087 -0.363134
0.000000 0.000000 0.000000 1.000000
-0.284303 -0.838876 0.464175 -0.302216
-0.756394 -0.101232 -0.646235 -0.341972
0.589101 -0.534826 -0.605740 -0.520357
0.000000 0.000000 0.000000 1.000000
0.090215 -0.771972 0.629223 0.042653
-0.873334 -0.364999 -0.322590 -0.167868
0.478695 -0.520419 -0.707117 -0.650541
0.000000 0.000000 0.000000 1.000000
0.138828 -0.673232 0.726281 -0.053898
-0.562152 -0.657346 -0.501878 -0.396889
0.815299 -0.338606 -0.469717 -0.522732
0.000000 0.000000 0.000000 1.000000
-0.013776 -0.857437 0.514405 -0.279296
-0.797137 -0.301158 -0.523332 -0.532129
0.603642 -0.417260 -0.679346 -0.356390
0.000000 0.000000 0.000000 1.000000
0.065330 -0.792277 0.606654 -0.288360
-0.093340 -0.610139 -0.786777 -0.492083
0.993489 -0.005224 -0.113811 -0.482079
0.000000 0.000000 0.000000 1.000000
-0.475599 -0.863611 0.167279 -0.252665
-0.302279 -0.018135 -0.953047 -0.220828
0.826095 -0.503833 -0.252426 -0.594999
0.000000 0.000000 0.000000 1.000000
0.558802 -0.827614 -0.052877 -0.696075
-0.156829 -0.042849 -0.986696 -0.303041
0.814337 0.559660 -0.153738 -0.260455
0.000000 0.000000 0.000000 1.000000
0.257571 -0.761395 0.594924 -0.312174
-0.383867 -0.645658 -0.660131 -0.545520
0.886737 -0.058341 -0.458577 -0.317215
0.000000 0.000000 0.000000 1.000000
0.139871 -0.978313 -0.152777 -0.605791
-0.531600 0.055977 -0.845144 -0.298627
0.835367 0.199427 -0.512241 -0.342469
0.000000 0.000000 0.000000 1.000000
0.265520 -0.894147 0.360555 -0.153922
-0.701966 -0.435648 -0.563430 -0.366239
0.660865 -0.103495 -0.743335 -0.660935
0.000000 0.000000 0.000000 1.000000
-0.079883 -0.629756 0.772675 -0.071071
-0.873494 -0.329225 -0.358635 -0.400893
0.480236 -0.703576 -0.523788 -0.527112
0.000000 0.000000 0.000000 1.000000
-0.142430 -0.961159 0.236402 -0.490644
-0.666926 -0.083290 -0.740454 -0.325507
0.731384 -0.263126 -0.629160 -0.438730
0.000000 0.000000 0.000000 1.000000
-0.505668 -0.854336 0.120036 -0.450721
-0.689863 0.316865 -0.650911 -0.275514
0.518062 -0.411954 -0.749604 -0.451812
0.000000 0.000000 0.000000 1.000000
0.231040 -0.906314 0.353859 -0.180784
-0.766192 -0.393638 -0.507936 -0.330738
0.599642 -0.153770 -0.785356 -0.571176
0.000000 0.000000 0.000000 1.000000
-0.195275 -0.481088 0.854647 -0.028187
-0.818652 -0.399912 -0.412164 -0.321523
0.540071 -0.780144 -0.315751 -0.509431
0.000000 0.000000 0.000000 1.000000
-0.252157 -0.753240 0.607492 -0.205960
-0.429417 -0.475483 -0.767800 -0.359504
0.867190 -0.454473 -0.203558 -0.501325
0.000000 0.000000 0.000000 1.000000
-0.475607 -0.840607 -0.259185 -0.715660
-0.508144 0.503054 -0.699090 -0.256968
0.718044 -0.200789 -0.666406 -0.177862
0.000000 0.000000 0.000000 1.000000
0.401070 -0.656395 0.638975 -0.284169
-0.050444 -0.712301 -0.700059 -0.668248
0.914657 0.248540 -0.318794 -0.239699
0.000000 0.000000 0.000000 1.000000
-0.581651 -0.798064 0.157406 -0.284664
-0.587613 0.278422 -0.759732 -0.208929
0.562489 -0.534392 -0.630897 -0.549805
0.000000 0.000000 0.000000 1.000000
-0.513197 -0.144638 0.845996 -0.054578
-0.793857 0.454648 -0.403839 -0.208701
-0.326220 -0.878849 -0.348146 -0.564530
0.000000 0.000000 0.000000 1.000000
-0.281830 -0.946978 0.154287 -0.653963
-0.163852 -0.110940 -0.980227 -0.359962
0.945370 -0.301537 -0.123898 -0.178943
0.000000 0.000000 0.000000 1.000000
0.344952 -0.789175 0.508144 -0.311493
-0.441782 -0.614167 -0.653933 -0.483667
0.828153 0.001087 -0.560501 -0.468414
0.000000 0.000000 0.000000 1.000000
-0.703504 -0.708414 -0.056852 -0.599095
-0.569970 0.610181 -0.550284 -0.183227
0.424519 -0.354723 -0.833040 -0.399423
0.000000 0.000000 0.000000 1.000000
0.861286 -0.501714 0.080438 -0.623783
-0.023943 -0.198201 -0.979869 -0.541795
0.507557 0.842021 -0.182721 -0.073166
0.000000 0.000000 0.000000 1.000000
-0.082650 -0.814656 0.574025 -0.024042
-0.695494 -0.365385 -0.618694 -0.229807
0.713762 -0.450366 -0.536390 -0.674448
0.000000 0.000000 0.000000 1.000000
-0.513440 -0.115211 0.850357 0.058419
-0.856464 0.130441 -0.499454 -0.177266
-0.053378 -0.984739 -0.165648 -0.546586
0.000000 0.000000 0.000000 1.000000
-0.268895 -0.962896 0.022952 -0.525809
-0.012467 -0.020348 -0.999715 -0.203613
0.963089 -0.269105 -0.006533 -0.427243
0.000000 0.000000 0.000000 1.000000
0.348075 -0.827184 0.441148 -0.205826
-0.453146 -0.560404 -0.693257 -0.632032
0.820672 0.041401 -0.569897 -0.309366
0.000000 0.000000 0.000000 1.000000
-0.135652 -0.936776 -0.322567 -0.708087
-0.407637 0.349514 -0.843606 -0.219295
0.903012 0.017053 -0.429277 -0.305517
0.000000 0.000000 0.000000 1.000000
-0.656495 -0.744181 -0.123328 -0.558838
-0.428717 0.502613 -0.750721 -0.205455
0.620658 -0.439971 -0.649006 -0.466200
0.000000 0.000000 0.000000 1.000000
-0.548619 -0.822039 0.152540 -0.571173
-0.324247 0.041026 -0.945082 -0.332011
0.770636 -0.567951 -0.289052 -0.330353
0.000000 0.000000 0.000000 1.000000
-0.275664 -0.892253 0.357624 -0.348993
-0.595461 -0.133555 -0.792206 -0.350836
0.754610 -0.431333 -0.494485 -0.415398
0.000000 0.000000 0.000000 1.000000
0.317616 -0.940669 0.119423 -0.410983
-0.320392 -0.225002 -0.920176 -0.323424
0.892451 0.254001 -0.372847 -0.497985
0.000000 0.000000 0.000000 1.000000
0.667266 -0.634932 -0.389382 -0.739525
-0.477981 0.035901 -0.877636 -0.253346
0.571218 0.771734 -0.279530 -0.288888
0.000000 0.000000 0.000000 1.000000
-0.543544 -0.279725 0.791400 0.027124
-0.815840 -0.045669 -0.576472 -0.255038
0.197396 -0.958993 -0.203388 -0.561280
0.000000 0.000000 0.000000 1.000000
0.189158 -0.575132 0.795891 -0.151996
0.190111 -0.773738 -0.604307 -0.528716
0.963368 0.265617 -0.037020 -0.480826
0.000000 0.000000 0.000000 1.000000
-0.232815 -0.680465 0.694813 -0.209985
-0.897830 -0.124190 -0.422466 -0.493912
0.373762 -0.722180 -0.582029 -0.361818
0.000000 0.000000 0.000000 1.000000
0.210226 -0.897863 0.386842 -0.336995
-0.147818 -0.420326 -0.895252 -0.405921
0.966414 0.131023 -0.221083 -0.547517
0.000000 0.000000 0.000000 1.000000
-0.031193 -0.814866 0.578810 -0.343907
-0.672284 -0.411421 -0.615441 -0.509233
0.739636 -0.408322 -0.534988 -0.321120
0.000000 0.000000 0.000000 1.000000
0.381542 -0.858473 0.342710 -0.218703
-0.582283 -0.511165 -0.632184 -0.495428
0.717895 0.041651 -0.694905 -0.480589
0.000000 0.000000 0.000000 1.000000
0.577552 -0.802545 -0.149519 -0.735443
-0.179566 0.053779 -0.982275 -0.232977
0.796360 0.594163 -0.113050 -0.236054
0.000000 0.000000 0.000000 1.000000
-0.340464 -0.680877 0.648453 -0.236019
-0.871323 -0.030730 -0.489746 -0.237643
0.353384 -0.731753 -0.582801 -0.530196
0.000000 0.000000 0.000000 1.000000
-0.236106 -0.859055 0.454179 -0.011075
-0.686697 -0.183193 -0.703482 -0.189608
0.687532 -0.477979 -0.546658 -0.627542
0.000000 0.000000 0.000000 1.000000
0.146526 -0.696605 0.702333 -0.248324
-0.083786 -0.716184 -0.692864 -0.672276
0.985652 0.042677 -0.163305 -0.305680
0.000000 0.000000 0.000000 1.000000
-0.502928 -0.624639 0.597402 -0.068031
-0.808223 0.094904 -0.581179 -0.214518
0.306331 -0.775125 -0.552577 -0.621255
0.000000 0.000000 0.000000 1.000000
-0.599756 -0.754683 0.265982 -0.487363
-0.717355 0.359824 -0.596598 -0.274274
0.354536 -0.548616 -0.757182 -0.322288
0.000000 0.000000 0.000000 1.000000
0.877156 -0.348173 0.330716 -0.564764
0.276305 -0.197334 -0.940593 -0.587598
0.392750 0.916425 -0.076891 -0.119941
0.000000 0.000000 0.000000 1.000000
-0.072810 -0.992363 0.099569 -0.464993
-0.638554 -0.030305 -0.768980 -0.534536
0.766125 -0.119570 -0.631471 -0.296944
0.000000 0.000000 0.000000 1.000000
-0.284135 -0.695924 0.659513 -0.235871
-0.780982 -0.231030 -0.580252 -0.406483
0.556178 -0.679938 -0.477860 -0.527281
0.000000 0.000000 0.000000 1.000000
-0.015616 -0.918277 0.395631 -0.394367
-0.692257 -0.275581 -0.666960 -0.416892
0.721482 -0.284294 -0.631380 -0.310680
0.000000 0.000000 0.000000 1.000000
0.254853 -0.718745 0.646882 -0.176671
-0.178339 -0.692432 -0.699094 -0.482133
0.950392 0.062802 -0.304649 -0.522038
0.000000 0.000000 0.000000 1.000000
-0.156809 -0.844745 0.511680 -0.166785
-0.791463 -0.202418 -0.576727 -0.357402
0.590761 -0.495411 -0.636844 -0.637757
0.000000 0.000000 0.000000 1.000000
-0.043301 -0.995578 0.083369 -0.258223
-0.685619 -0.031084 -0.727297 -0.262777
0.726672 -0.088652 -0.681241 -0.693010
0.000000 0.000000 0.000000 1.000000
-0.165740 -0.947543 0.273298 -0.488320
-0.096933 -0.260136 -0.960694 -0.345848
0.981394 -0.185717 -0.048733 -0.365027
0.000000 0.000000 0.000000 1.000000
-0.013823 -0.825004 0.564958 -0.343251
-0.488641 -0.487376 -0.723667 -0.580719
0.872375 -0.286066 -0.396394 -0.304183
0.000000 0.000000 0.000000 1.000000
-0.150853 -0.760780 0.631234 -0.196658
-0.722144 -0.351258 -0.595924 -0.565049
0.675094 -0.545739 -0.496404 -0.452963
0.000000 0.000000 0.000000 1.000000
0.350151 -0.934093 -0.069743 -0.485617
-0.586468 -0.160565 -0.793898 -0.454520
0.730377 0.318886 -0.604038 -0.462574
0.000000 0.000000 0.000000 1.000000
0.295563 -0.789212 0.538319 -0.213138
-0.415254 -0.613611 -0.671600 -0.491484
0.860353 -0.025039 -0.509084 -0.544072
0.000000 0.000000 0.000000 1.000000
-0.200872 -0.976582 -0.077055 -0.375911
-0.700480 0.198177 -0.685605 -0.234164
0.684820 -0.083743 -0.723884 -0.589086
0.000000 0.000000 0.000000 1.000000
0.027280 -0.799493 0.600056 -0.129761
-0.022840 -0.600621 -0.799207 -0.339378
0.999367 0.008097 -0.034645 -0.627802
0.000000 0.000000 0.000000 1.000000
0.056697 -0.693161 0.718550 -0.196486
-0.019655 -0.720343 -0.693339 -0.501780
0.998198 0.025187 -0.054465 -0.534824
0.000000 0.000000 0.000000 1.000000
-0.038055 -0.985442 -0.165700 -0.647317
-0.422029 0.166155 -0.891226 -0.356992
0.905783 0.036014 -0.422208 -0.248368
0.000000 0.000000 0.000000 1.000000
-0.063154 -0.956973 0.283221 -0.342600
-0.733234 -0.148027 -0.663668 -0.436090
0.677037 -0.249580 -0.692337 -0.528823
0.000000 0.000000 0.000000 1.000000
-0.109369 -0.961565 0.251855 -0.331055
-0.555563 -0.150971 -0.817653 -0.412711
0.824250 -0.229347 -0.517699 -0.453707
0.000000 0.000000 0.000000 1.000000
-0.488398 -0.783822 0.383525 -0.264272
-0.619198 0.001606 -0.785233 -0.296815
0.614867 -0.620984 -0.486125 -0.612238
0.000000 0.000000 0.000000 1.000000
-0.143465 -0.932424 0.331666 -0.471654
-0.573062 -0.194961 -0.795984 -0.569767
0.806857 -0.304261 -0.506367 -0.197853
0.000000 0.000000 0.000000 1.000000
0.624073 -0.686014 0.374057 -0.237915
-0.507723 -0.719913 -0.473226 -0.641374
0.593928 0.105410 -0.797583 -0.273511
0.000000 0.000000 0.000000 1.000000
0.028349 -0.999503 0.013790 -0.481739
-0.658159 -0.029047 -0.752319 -0.510249
0.752345 0.012251 -0.658655 -0.380400
0.000000 0.000000 0.000000 1.000000
-0.280019 -0.934444 0.220008 -0.508845
-0.601671 -0.007750 -0.798706 -0.219723
0.748052 -0.356025 -0.560058 -0.351036
0.000000 0.000000 0.000000 1.000000
-0.324278 -0.639748 0.696825 -0.101541
-0.780405 -0.235385 -0.579277 -0.237392
0.534614 -0.731653 -0.422933 -0.591642
0.000000 0.000000 0.000000 1.000000
-0.268637 -0.486855 0.831148 -0.063919
-0.955015 0.022086 -0.295735 -0.250098
0.125623 -0.873204 -0.470886 -0.606986
0.000000 0.000000 0.000000 1.000000
0.632003 -0.659849 0.406413 -0.502743
0.128838 -0.427665 -0.894708 -0.573159
0.764181 0.617820 -0.185272 -0.161583
0.000000 0.000000 0.000000 1.000000
0.534621 -0.660828 0.526770 -0.283341
-0.254632 -0.720323 -0.645211 -0.646729
0.805818 0.210811 -0.553368 -0.224909
0.000000 0.000000 0.000000 1.000000
0.314590 -0.949172 -0.010313 -0.504017
-0.243838 -0.070307 -0.967264 -0.226796
0.917375 0.306806 -0.253562 -0.502436
0.000000 0.000000 0.000000 1.000000
-0.253426 -0.881233 0.399003 -0.417865
-0.515637 -0.225927 -0.826484 -0.378999
0.818471 -0.415193 -0.397141 -0.430787
0.000000 0.000000 0.000000 1.000000
0.143867 -0.944311 0.295938 -0.374411
-0.518309 -0.326653 -0.790350 -0.368201
0.843005 -0.039682 -0.536440 -0.452374
0.000000 0.000000 0.000000 1.000000
-0.591002 -0.740888 0.319065 -0.308082
-0.395003 -0.079072 -0.915270 -0.321196
0.703342 -0.666958 -0.245921 -0.520567
0.000000 0.000000 0.000000 1.000000
-0.284635 -0.713472 0.640266 -0.064524
-0.709810 -0.292052 -0.640996 -0.295656
0.644323 -0.636917 -0.423301 -0.622871
0.000000 0.000000 0.000000 1.000000
0.149889 -0.853352 0.499323 -0.149790
-0.531479 -0.495398 -0.687103 -0.511956
0.833705 -0.162390 -0.527793 -0.578378
0.000000 0.000000 0.000000 1.000000
-0.376475 -0.923248 -0.076682 -0.394177
-0.271499 0.189089 -0.943681 -0.206318
0.885751 -0.334453 -0.321848 -0.626095
0.000000 0.000000 0.000000 1.000000
0.879692 -0.472354 -0.054984 -0.496567
-0.273299 -0.407553 -0.871325 -0.651493
0.389165 0.781525 -0.487615 -0.123726
0.000000 0.000000 0.000000 1.000000
0.006967 -0.631261 0.775539 -0.077636
-0.997105 -0.063110 -0.042412 -0.390088
0.075717 -0.772998 -0.629873 -0.472841
0.000000 0.000000 0.000000 1.000000
0.135970 -0.806201 0.575806 -0.230937
-0.735985 -0.471267 -0.486039 -0.601072
0.663203 -0.357697 -0.657430 -0.326587
0.000000 0.000000 0.000000 1.000000
0.071722 -0.803371 0.591144 -0.357928
-0.207657 -0.591711 -0.778946 -0.535380
0.975569 -0.066888 -0.209264 -0.331752
0.000000 0.000000 0.000000 1.000000
0.221236 -0.973113 0.064075 -0.610308
-0.151878 -0.099281 -0.983400 -0.311250
0.963321 0.207832 -0.169759 -0.331850
0.000000 0.000000 0.000000 1.000000
-0.843812 -0.508314 0.172044 -0.463883
-0.431953 0.453115 -0.779810 -0.224809
0.318432 -0.732328 -0.601911 -0.388834
0.000000 0.000000 0.000000 1.000000
-0.364416 -0.719260 0.591495 -0.316931
-0.562978 -0.335798 -0.755179 -0.459335
0.741792 -0.608198 -0.282558 -0.437731
0.000000 0.000000 0.000000 1.000000
-0.568528 -0.454071 0.685999 -0.016975
-0.661472 -0.243463 -0.709352 -0.226815
0.489111 -0.857056 -0.161940 -0.549209
0.000000 0.000000 0.000000 1.000000
0.251164 -0.781847 0.570642 -0.066180
-0.714537 -0.547455 -0.435580 -0.406880
0.652957 -0.298343 -0.696160 -0.615329
0.000000 0.000000 0.000000 1.000000
-0.155185 -0.948824 0.275048 -0.284346
-0.367666 -0.202947 -0.907543 -0.256228
0.916918 -0.241963 -0.317356 -0.586449
0.000000 0.000000 0.000000 1.000000
-0.442057 -0.363145 0.820190 0.027776
-0.660220 -0.487251 -0.571573 -0.290416
0.607203 -0.794173 -0.024363 -0.559271
0.000000 0.000000 0.000000 1.000000
-0.588855 -0.229876 0.774859 -0.050228
-0.747585 -0.209469 -0.630270 -0.345994
0.307193 -0.950410 -0.048505 -0.558890
0.000000 0.000000 0.000000 1.000000
-0.463883 -0.781588 0.417053 -0.399846
-0.220074 -0.354343 -0.908850 -0.395042
0.858126 -0.513383 -0.007633 -0.391760
0.000000 0.000000 0.000000 1.000000
0.054824 -0.954037 0.294632 -0.222435
-0.721242 -0.241897 -0.649073 -0.553061
0.690510 -0.176917 -0.701353 -0.521655
0.000000 0.000000 0.000000 1.000000
-0.237354 -0.680171 0.693563 -0.291747
-0.846188 -0.205892 -0.491502 -0.472890
0.477104 -0.703545 -0.526684 -0.354908
0.000000 0.000000 0.000000 1.000000
-0.514600 -0.492111 0.702149 -0.159865
-0.775923 -0.081203 -0.625580 -0.248567
0.364871 -0.866737 -0.340054 -0.549533
0.000000 0.000000 0.000000 1.000000
-0.230557 -0.693969 0.682092 -0.111842
-0.217712 -0.646417 -0.731263 -0.366126
0.948391 -0.317098 -0.002049 -0.525008
0.000000 0.000000 0.000000 1.000000
-0.087868 -0.633912 0.768398 -0.051063
-0.913409 -0.256500 -0.316058 -0.192834
0.397447 -0.729632 -0.556483 -0.631381
0.000000 0.000000 0.000000 1.000000
-0.493131 -0.683757 0.537864 -0.340062
-0.367108 -0.396967 -0.841219 -0.444629
0.788704 -0.612285 -0.055256 -0.332213
0.000000 0.000000 0.000000 1.000000
-0.425048 -0.817540 -0.388538 -0.702743
-0.459442 0.564696 -0.685588 -0.221141
0.779902 -0.112897 -0.615636 -0.245600
0.000000 0.000000 0.000000 1.000000
0.033977 -0.788056 0.614666 -0.140319
-0.645600 -0.486789 -0.588419 -0.546687
0.762919 -0.376836 -0.525309 -0.517431
0.000000 0.000000 0.000000 1.000000
0.167475 -0.828243 0.534758 -0.204451
-0.913804 -0.333992 -0.231109 -0.470354
0.370019 -0.449959 -0.812787 -0.514568
0.000000 0.000000 0.000000 1.000000
0.191090 -0.970324 0.148174 -0.290824
-0.360894 -0.209835 -0.908694 -0.281549
0.912820 0.120167 -0.390282 -0.655720
0.000000 0.000000 0.000000 1.000000
0.495714 -0.864247 -0.085700 -0.490800
-0.314964 -0.086938 -0.945114 -0.691676
0.809361 0.495499 -0.315303 -0.108491
0.000000 0.000000 0.000000 1.000000
-0.016789 -0.816922 0.576504 -0.180048
-0.274358 -0.550690 -0.788332 -0.362362
0.961481 -0.171404 -0.214884 -0.518758
0.000000 0.000000 0.000000 1.000000
-0.462649 -0.837018 0.292160 -0.418736
-0.734028 0.176857 -0.655686 -0.289964
0.497151 -0.517806 -0.696217 -0.437297
0.000000 0.000000 0.000000 1.000000
0.494266 -0.851838 0.173416 -0.362891
-0.469690 -0.429548 -0.771284 -0.658369
0.731500 0.299768 -0.612411 -0.288723
0.000000 0.000000 0.000000 1.000000
-0.534758 -0.571484 0.622447 -0.236243
-0.815870 0.157429 -0.556392 -0.375308
0.219977 -0.805371 -0.550443 -0.547269
0.000000 0.000000 0.000000 1.000000
-0.187162 -0.637756 0.747153 0.061316
-0.580308 -0.541907 -0.607930 -0.214408
0.792599 -0.547360 -0.268671 -0.636426
0.000000 0.000000 0.000000 1.000000
-0.058099 -0.873804 0.482796 -0.256976
-0.883954 -0.179724 -0.431653 -0.328460
0.463950 -0.451848 -0.761961 -0.487030
0.000000 0.000000 0.000000 1.000000
0.386508 -0.917447 0.094357 -0.495436
-0.542498 -0.308892 -0.781205 -0.388980
0.745860 0.250753 -0.617102 -0.443121
0.000000 0.000000 0.000000 1.000000
-0.463649 -0.669349 0.580519 -0.276148
-0.876530 0.250883 -0.410795 -0.379337
0.129323 -0.699307 -0.703026 -0.507552
0.000000 0.000000 0.000000 1.000000
-0.305699 -0.931091 -0.199043 -0.692851
-0.591373 0.349514 -0.726717 -0.285379
0.746208 -0.104448 -0.657468 -0.173073
0.000000 0.000000 0.000000 1.000000
-0.150292 -0.876489 0.457361 -0.127716
-0.736414 -0.209410 -0.643305 -0.394099
0.659626 -0.433491 -0.613986 -0.611660
0.000000 0.000000 0.000000 1.000000
0.002704 -0.829715 0.558180 -0.173715
-0.590922 -0.451627 -0.668464 -0.353600
0.806724 -0.328033 -0.491519 -0.624442
0.000000 0.000000 0.000000 1.000000
-0.066007 -0.966958 0.246244 -0.403712
-0.845692 -0.076762 -0.528122 -0.509420
0.529573 -0.243106 -0.812682 -0.329687
0.000000 0.000000 0.000000 1.000000
0.496610 -0.609980 0.617497 -0.242057
-0.021293 -0.719771 -0.693885 -0.686252
0.867712 0.331442 -0.370434 -0.234389
0.000000 0.000000 0.000000 1.000000
-0.382843 -0.847178 0.368403 -0.457025
-0.527922 -0.126625 -0.839800 -0.483921
0.758109 -0.516000 -0.398766 -0.343237
0.000000 0.000000 0.000000 1.000000
-0.762721 -0.474633 0.439294 -0.030311
-0.626051 0.371483 -0.685610 -0.170245
0.162223 -0.797950 -0.580483 -0.640007
0.000000 0.000000 0.000000 1.000000
-0.254248 -0.686851 0.680877 -0.095777
-0.963234 0.116631 -0.242029 -0.232885
0.086826 -0.717379 -0.691251 -0.642069
0.000000 0.000000 0.000000 1.000000
0.089156 -0.971666 -0.218898 -0.590986
-0.776852 0.069703 -0.625814 -0.230511
0.623340 0.225847 -0.748626 -0.405227
0.000000 0.000000 0.000000 1.000000
-0.007993 -0.897720 0.440493 -0.461446
-0.313585 -0.416036 -0.853568 -0.590892
0.949527 -0.144955 -0.278186 -0.160886
0.000000 0.000000 0.000000 1.000000
0.163269 -0.966231 0.199349 -0.420764
-0.351954 -0.245809 -0.903165 -0.315754
0.921668 0.077297 -0.380202 -0.496724
0.000000 0.000000 0.000000 1.000000
-0.136951 -0.778264 0.612821 -0.320501
-0.225278 -0.577970 -0.784347 -0.513975
0.964621 -0.245473 -0.096172 -0.356559
0.000000 0.000000 0.000000 1.000000
-0.101404 -0.325416 0.940118 0.114582
-0.994793 0.023497 -0.099169 -0.142662
0.010181 -0.945279 -0.326105 -0.582226
0.000000 0.000000 0.000000 1.000000
-0.470050 -0.882393 -0.020898 -0.421578
-0.558243 0.315549 -0.767329 -0.295311
0.683680 -0.349017 -0.640913 -0.580074
0.000000 0.000000 0.000000 1.000000
-0.698787 -0.471001 0.538382 -0.018454
-0.589373 -0.047434 -0.806467 -0.189575
0.405384 -0.880856 -0.244449 -0.576398
0.000000 0.000000 0.000000 1.000000
-0.588348 -0.388528 0.709149 0.040386
-0.773907 0.016404 -0.633087 -0.190044
0.234339 -0.921291 -0.310336 -0.600156
0.000000 0.000000 0.000000 1.000000
-0.815219 0.128760 0.564658 -0.159710
-0.494404 0.353061 -0.794300 -0.230749
-0.301633 -0.926698 -0.224162 -0.548221
0.000000 0.000000 0.000000 1.000000
0.360307 -0.820149 0.444449 -0.256375
-0.670375 -0.558967 -0.488009 -0.380093
0.648673 -0.122115 -0.751207 -0.557271
0.000000 0.000000 0.000000 1.000000
-0.892617 -0.007108 0.450759 -0.077520
-0.439550 0.235850 -0.866701 -0.202648
-0.100151 -0.971764 -0.213648 -0.565872
0.000000 0.000000 0.000000 1.000000
-0.660460 -0.613742 0.432566 -0.190467
-0.685145 0.256908 -0.681597 -0.238813
0.307196 -0.746538 -0.590180 -0.614307
0.000000 0.000000 0.000000 1.000000
-0.094565 -0.823166 0.559871 -0.344735
-0.656374 -0.371282 -0.656752 -0.490738
0.748486 -0.429590 -0.505194 -0.270453
0.000000 0.000000 0.000000 1.000000
-0.919620 -0.141667 0.366374 -0.051318
-0.385786 0.150139 -0.910290 -0.208281
0.073951 -0.978462 -0.192724 -0.580709
0.000000 0.000000 0.000000 1.000000
0.732796 -0.640804 0.228868 -0.392273
-0.332880 -0.630955 -0.700776 -0.627570
0.593465 0.437340 -0.675672 -0.252142
0.000000 0.000000 0.000000 1.000000
0.501278 -0.840897 0.203991 -0.351664
-0.590182 -0.504669 -0.630075 -0.595937
0.632777 0.195451 -0.749261 -0.361819
0.000000 0.000000 0.000000 1.000000
0.445960 -0.892914 -0.061842 -0.552176
-0.386477 -0.129782 -0.913122 -0.324779
0.807314 0.431117 -0.402968 -0.398272
0.000000 0.000000 0.000000 1.000000
-0.821939 -0.379104 0.425084 -0.301314
-0.489344 0.088089 -0.867631 -0.324701
0.291477 -0.921152 -0.257916 -0.495152
0.000000 0.000000 0.000000 1.000000
-0.482053 -0.428171 0.764391 -0.004683
-0.875079 0.192322 -0.444128 -0.187193
0.043153 -0.882996 -0.467393 -0.600879
0.000000 0.000000 0.000000 1.000000
0.337990 -0.858923 0.384725 -0.450429
0.006437 -0.406663 -0.913555 -0.688732
0.941128 0.311249 -0.131919 -0.120245
0.000000 0.000000 0.000000 1.000000
-0.207839 -0.521773 0.827379 -0.126699
-0.900069 -0.229167 -0.370619 -0.517621
0.382987 -0.821727 -0.422001 -0.307046
0.000000 0.000000 0.000000 1.000000
0.804475 -0.550241 -0.223729 -0.623751
-0.371026 -0.171360 -0.912675 -0.431386
0.463853 0.817234 -0.342008 -0.351210
0.000000 0.000000 0.000000 1.000000
-0.190072 -0.607507 0.771238 -0.146733
-0.588307 -0.558421 -0.584860 -0.448186
0.785982 -0.564890 -0.251261 -0.508896
0.000000 0.000000 0.000000 1.000000
0.031501 -0.997196 -0.067879 -0.581865
-0.387786 0.050399 -0.920371 -0.220908
0.921211 0.055315 -0.385111 -0.344658
0.000000 0.000000 0.000000 1.000000
-0.347013 -0.728031 0.591230 -0.318493
-0.911236 0.112586 -0.396199 -0.397968
0.221881 -0.676236 -0.702477 -0.372347
0.000000 0.000000 0.000000 1.000000
0.546070 -0.461265 -0.699316 -0.813941
-0.765594 0.064124 -0.640120 -0.171397
0.340108 0.884942 -0.318125 -0.201690
0.000000 0.000000 0.000000 1.000000
-0.279104 -0.957033 -0.078662 -0.603178
-0.608747 0.239694 -0.756290 -0.349848
0.742649 -0.163198 -0.649491 -0.311601
0.000000 0.000000 0.000000 1.000000
-0.736017 -0.251644 0.628453 -0.066058
-0.666866 0.109782 -0.737046 -0.186540
0.116481 -0.961573 -0.248615 -0.589465
0.000000 0.000000 0.000000 1.000000
-0.521943 -0.784457 0.334967 -0.422778
-0.454029 -0.076943 -0.887658 -0.299770
0.722103 -0.615392 -0.316007 -0.436195
0.000000 0.000000 0.000000 1.000000
0.395139 -0.708469 0.584753 -0.463434
0.241583 -0.534006 -0.810232 -0.595166
0.886286 0.461421 -0.039852 -0.093708
0.000000 0.000000 0.000000 1.000000
-0.638482 -0.013510 0.769518 -0.001055
-0.711893 0.390340 -0.583817 -0.227454
-0.292486 -0.920572 -0.258843 -0.607165
0.000000 0.000000 0.000000 1.000000
-0.358137 -0.849674 0.387029 -0.251231
-0.664443 -0.059280 -0.744984 -0.311821
0.655937 -0.523965 -0.543330 -0.620609
0.000000 0.000000 0.000000 1.000000
0.242495 -0.970152 -0.001112 -0.666196
-0.149603 -0.036262 -0.988081 -0.410495
0.958549 0.239771 -0.153931 -0.252403
0.000000 0.000000 0.000000 1.000000
-0.367853 -0.809382 0.457805 0.020989
-0.759045 -0.023036 -0.650630 -0.179131
0.537154 -0.586831 -0.605884 -0.666512
0.000000 0.000000 0.000000 1.000000
-0.551437 -0.796439 0.248198 -0.269123
-0.696870 0.276237 -0.661865 -0.190970
0.458574 -0.537939 -0.707342 -0.578252
0.000000 0.000000 0.000000 1.000000
0.413354 -0.894805 0.168708 -0.474869
-0.333270 -0.321090 -0.886472 -0.637427
0.847390 0.310201 -0.430935 -0.155721
0.000000 0.000000 0.000000 1.000000
0.221603 -0.852979 0.472566 -0.145618
-0.746935 -0.460021 -0.480071 -0.408693
0.626881 -0.246590 -0.739062 -0.588692
0.000000 0.000000 0.000000 1.000000
0.100142 -0.923493 0.370313 -0.240520
-0.581459 -0.356334 -0.731390 -0.283217
0.807389 -0.142079 -0.572658 -0.540323
0.000000 0.000000 0.000000 1.000000
-0.017236 -0.625899 0.779714 -0.053676
-0.654920 -0.582182 -0.481812 -0.415272
0.755501 -0.518955 -0.399879 -0.490540
0.000000 0.000000 0.000000 1.000000
-0.281305 -0.953191 -0.110884 -0.386155
-0.441664 0.231188 -0.866883 -0.229967
0.851939 -0.194885 -0.486024 -0.647593
0.000000 0.000000 0.000000 1.000000
0.039021 -0.853342 0.519889 -0.195059
-0.943821 -0.202334 -0.261271 -0.505112
0.328145 -0.480487 -0.813298 -0.330048
0.000000 0.000000 0.000000 1.000000
-0.184059 -0.935496 0.301612 -0.381983
-0.065476 -0.294503 -0.953405 -0.323390
0.980732 -0.195231 -0.007046 -0.542766
0.000000 0.000000 0.000000 1.000000
-0.671101 -0.686469 0.279971 -0.220315
-0.455886 0.084317 -0.886035 -0.259383
0.584630 -0.722254 -0.369537 -0.587504
0.000000 0.000000 0.000000 1.000000
-0.006108 -0.927701 0.373274 -0.095076
-0.009813 -0.373207 -0.927696 -0.244659
0.999933 -0.009330 -0.006824 -0.647415
0.000000 0.000000 0.000000 1.000000
-0.566495 -0.761047 0.316055 -0.358544
-0.685021 0.221705 -0.693969 -0.188174
0.458072 -0.609634 -0.646928 -0.465147
0.000000 0.000000 0.000000 1.000000
-0.311870 -0.333159 0.889799 -0.055339
-0.892680 -0.217954 -0.394486 -0.402026
0.325361 -0.917334 -0.229431 -0.441598
0.000000 0.000000 0.000000 1.000000
-0.388233 -0.906124 0.167971 -0.619544
-0.278305 -0.058478 -0.958711 -0.391274
0.878534 -0.418950 -0.229476 -0.176853
0.000000 0.000000 0.000000 1.000000
0.264588 -0.681644 0.682169 0.039919
-0.535703 -0.692087 -0.483775 -0.216372
0.801883 -0.237438 -0.548277 -0.635288
0.000000 0.000000 0.000000 1.000000
-0.164126 -0.841519 0.514693 0.013133
-0.540499 -0.359754 -0.760551 -0.194461
0.825181 -0.403017 -0.395795 -0.647004
0.000000 0.000000 0.000000 1.000000
-0.282181 -0.747140 0.601793 -0.262297
-0.946393 0.113996 -0.302234 -0.494964
0.157209 -0.654818 -0.739256 -0.392106
0.000000 0.000000 0.000000 1.000000
0.357294 -0.912507 0.199176 -0.329635
-0.389451 -0.339385 -0.856239 -0.443113
0.848922 0.228360 -0.476638 -0.582705
0.000000 0.000000 0.000000 1.000000
-0.440697 -0.882743 0.162946 -0.559092
-0.565592 0.132100 -0.814036 -0.325761
0.697059 -0.450905 -0.557489 -0.345775
0.000000 0.000000 0.000000 1.000000
-0.194447 -0.842182 0.502911 -0.353727
-0.389578 -0.404224 -0.827546 -0.439846
0.900233 -0.356838 -0.249496 -0.433518
0.000000 0.000000 0.000000 1.000000
0.227956 -0.584343 0.778832 -0.250263
0.278705 -0.727263 -0.627226 -0.617840
0.932931 0.360044 -0.002925 -0.271372
0.000000 0.000000 0.000000 1.000000
-0.087621 -0.876637 -0.473107 -0.618458
-0.618631 0.420136 -0.663913 -0.226909
0.780780 0.234506 -0.579128 -0.475714
0.000000 0.000000 0.000000 1.000000
-0.416332 -0.868391 0.269379 -0.357236
-0.474563 -0.045170 -0.879062 -0.387356
0.775537 -0.493819 -0.393300 -0.458542
0.000000 0.000000 0.000000 1.000000
0.588849 -0.644620 -0.487568 -0.769562
-0.518730 0.161196 -0.839604 -0.338053
0.619820 0.747316 -0.239464 -0.175019
0.000000 0.000000 0.000000 1.000000
-0.064739 -0.562171 0.824483 -0.169242
-0.131125 -0.814260 -0.565497 -0.596552
0.989250 -0.144720 -0.021000 -0.315540
0.000000 0.000000 0.000000 1.000000
-0.524999 -0.846823 -0.085246 -0.669829
-0.404865 0.336585 -0.850174 -0.213696
0.748639 -0.411827 -0.519555 -0.264710
0.000000 0.000000 0.000000 1.000000
0.524162 -0.848197 -0.076263 -0.442172
-0.437546 -0.191395 -0.878590 -0.348126
0.730622 0.493892 -0.471448 -0.578577
0.000000 0.000000 0.000000 1.000000
-0.707584 -0.111324 0.697805 0.031592
-0.704515 0.034806 -0.708835 -0.216637
0.054622 -0.993175 -0.103057 -0.575989
0.000000 0.000000 0.000000 1.000000
-0.035281 -0.984433 0.172183 -0.430313
-0.521936 -0.128776 -0.843208 -0.307328
0.852254 -0.119618 -0.509268 -0.440118
0.000000 0.000000 0.000000 1.000000
-0.719583 -0.537044 0.440209 -0.264166
-0.480430 -0.072694 -0.874015 -0.296095
0.501385 -0.840416 -0.205702 -0.551250
0.000000 0.000000 0.000000 1.000000
0.068896 -0.708759 0.702078 -0.238992
-0.301501 -0.685634 -0.662573 -0.607975
0.950973 -0.166029 -0.260929 -0.250301
0.000000 0.000000 0.000000 1.000000
-0.315196 -0.673956 0.668158 -0.212409
-0.786335 -0.208719 -0.581476 -0.515167
0.531346 -0.708675 -0.464168 -0.477251
0.000000 0.000000 0.000000 1.000000
0.107306 -0.458229 0.882333 -0.006346
-0.857729 -0.491453 -0.150916 -0.308997
0.502779 -0.740608 -0.445772 -0.563920
0.000000 0.000000 0.000000 1.000000
-0.480365 -0.859602 0.174167 -0.332921
-0.151112 -0.114495 -0.981864 -0.261548
0.863953 -0.497971 -0.074897 -0.568803
0.000000 0.000000 0.000000 1.000000
0.409177 -0.909947 -0.067603 -0.648100
-0.253027 -0.041971 -0.966548 -0.262122
0.876671 0.412595 -0.247415 -0.305214
0.000000 0.000000 0.000000 1.000000
-0.554601 -0.585767 0.591012 -0.192667
-0.831952 0.404469 -0.379817 -0.280794
-0.016562 -0.702341 -0.711648 -0.629252
0.000000 0.000000 0.000000 1.000000
0.637540 -0.735334 -0.229840 -0.577511
-0.570956 -0.250666 -0.781777 -0.408653
0.517254 0.629643 -0.579653 -0.396825
0.000000 0.000000 0.000000 1.000000
0.231140 -0.793996 0.562267 -0.317378
-0.810245 -0.477015 -0.340529 -0.479631
0.538589 -0.376864 -0.753588 -0.381620
0.000000 0.000000 0.000000 1.000000
-0.259616 -0.832799 0.488923 -0.203836
-0.556795 -0.284575 -0.780382 -0.356574
0.789037 -0.474830 -0.389818 -0.621522
0.000000 0.000000 0.000000 1.000000
0.287314 -0.706072 0.647234 -0.153226
-0.485156 -0.689909 -0.537261 -0.417978
0.825878 -0.159647 -0.540776 -0.458207
0.000000 0.000000 0.000000 1.000000
-0.560489 -0.638893 0.526942 -0.232119
-0.803389 0.264997 -0.533238 -0.320620
0.201044 -0.722213 -0.661807 -0.495578
0.000000 0.000000 0.000000 1.000000
-0.808524 -0.472179 0.351192 -0.113538
-0.502892 0.244495 -0.829049 -0.223114
0.305595 -0.846917 -0.435135 -0.629758
0.000000 0.000000 0.000000 1.000000
-0.480859 -0.760928 0.435619 -0.047118
-0.379808 -0.267026 -0.885688 -0.227743
0.790266 -0.591343 -0.160604 -0.605700
0.000000 0.000000 0.000000 1.000000
-0.155027 -0.987884 -0.007218 -0.502781
-0.681387 0.112214 -0.723270 -0.248602
0.715317 -0.107208 -0.690527 -0.517382
0.000000 0.000000 0.000000 1.000000
-0.352324 -0.838340 0.415997 -0.345104
-0.361851 -0.287904 -0.886665 -0.372398
0.863094 -0.462922 -0.201919 -0.420119
0.000000 0.000000 0.000000 1.000000
-0.382779 -0.783063 0.490197 -0.310201
-0.547613 -0.235022 -0.803047 -0.449904
0.744043 -0.575828 -0.338854 -0.510704
0.000000 0.000000 0.000000 1.000000
-0.822076 -0.164066 0.545228 -0.122909
-0.561665 0.076590 -0.823812 -0.275309
0.093400 -0.983472 -0.155113 -0.574946
0.000000 0.000000 0.000000 1.000000
-0.607835 -0.345269 0.715071 -0.029785
-0.692254 -0.210743 -0.690196 -0.291495
0.389000 -0.914536 -0.110917 -0.585896
0.000000 0.000000 0.000000 1.000000
0.613963 -0.689610 0.384041 -0.561814
0.192132 -0.341340 -0.920094 -0.555662
0.765594 0.638690 -0.077074 -0.147049
0.000000 0.000000 0.000000 1.000000
0.531044 -0.706658 0.467575 -0.300931
0.026040 -0.537942 -0.842580 -0.594729
0.846944 0.459622 -0.267269 -0.458128
0.000000 0.000000 0.000000 1.000000
-0.333178 -0.914100 0.231114 -0.544024
-0.497335 -0.037866 -0.866732 -0.264206
0.801031 -0.403717 -0.441998 -0.250433
0.000000 0.000000 0.000000 1.000000
-0.071430 -0.916690 0.393164 -0.245034
-0.890336 -0.119102 -0.439451 -0.335309
0.449666 -0.381438 -0.807654 -0.613014
0.000000 0.000000 0.000000 1.000000
-0.516725 -0.715394 0.470327 -0.143171
-0.554926 -0.138472 -0.820294 -0.277316
0.651960 -0.684863 -0.325439 -0.647186
0.000000 0.000000 0.000000 1.000000
-0.233813 -0.650768 0.722380 -0.117823
-0.742844 -0.359795 -0.564563 -0.418349
0.627308 -0.668618 -0.399294 -0.570342
0.000000 0.000000 0.000000 1.000000
0.012211 -0.894293 0.447315 -0.373616
-0.140253 -0.444458 -0.884752 -0.504689
0.990040 -0.051934 -0.130855 -0.494205
0.000000 0.000000 0.000000 1.000000
0.296377 -0.931292 0.211793 -0.223596
-0.687940 -0.361989 -0.629048 -0.397926
0.662494 0.040734 -0.747958 -0.613035
0.000000 0.000000 0.000000 1.000000
-0.171083 -0.874544 0.453767 -0.355734
-0.203776 -0.419191 -0.884734 -0.405966
0.963953 -0.243830 -0.106495 -0.484683
0.000000 0.000000 0.000000 1.000000
0.191205 -0.764205 0.615979 -0.136589
-0.256859 -0.644646 -0.720039 -0.410030
0.947346 -0.020544 -0.319552 -0.608799
0.000000 0.000000 0.000000 1.000000
-0.019047 -0.995347 -0.094456 -0.611229
-0.363585 0.094901 -0.926714 -0.457533
0.931366 0.016692 -0.363701 -0.240600
0.000000 0.000000 0.000000 1.000000
-0.051086 -0.663255 0.746648 -0.139539
-0.820778 -0.398040 -0.409741 -0.489535
0.568958 -0.633765 -0.524051 -0.433377
0.000000 0.000000 0.000000 1.000000
-0.764580 -0.586671 0.266897 -0.102852
-0.294235 -0.050720 -0.954386 -0.224425
0.573448 -0.808235 -0.133839 -0.651532
0.000000 0.000000 0.000000 1.000000
0.366671 -0.923709 0.110964 -0.483004
-0.411697 -0.268058 -0.871005 -0.541606
0.834300 0.273689 -0.478578 -0.285106
0.000000 0.000000 0.000000 1.000000
-0.409522 -0.911812 -0.029837 -0.677445
-0.489272 0.247116 -0.836389 -0.243970
0.770003 -0.327921 -0.547324 -0.174548
0.000000 0.000000 0.000000 1.000000
0.119237 -0.851889 0.509968 -0.018741
-0.892662 -0.316845 -0.320566 -0.260699
0.434668 -0.417006 -0.798229 -0.700289
0.000000 0.000000 0.000000 1.000000
0.166675 -0.685051 0.709172 0.069869
-0.943247 -0.320299 -0.087715 -0.145704
0.287237 -0.654304 -0.699558 -0.626599
0.000000 0.000000 0.000000 1.000000
0.649971 -0.757027 0.066687 -0.614284
-0.120365 -0.189191 -0.974535 -0.424774
0.750366 0.625393 -0.214088 -0.223592
0.000000 0.000000 0.000000 1.000000
-0.209661 -0.728051 0.652675 -0.214757
-0.921875 -0.075275 -0.380105 -0.432832
0.325866 -0.681378 -0.655390 -0.401733
0.000000 0.000000 0.000000 1.000000
-0.015396 -0.674426 0.738182 -0.167282
-0.299300 -0.701310 -0.646981 -0.582502
0.954035 -0.230898 -0.191058 -0.412448
0.000000 0.000000 0.000000 1.000000
-0.710752 -0.177545 0.680668 0.034637
-0.694736 0.025395 -0.718817 -0.190117
0.110337 -0.983785 -0.141396 -0.545858
0.000000 0.000000 0.000000 1.000000
-0.365294 -0.799944 0.476078 -0.146229
-0.866807 0.105826 -0.487284 -0.347915
0.339419 -0.590670 -0.732055 -0.610265
0.000000 0.000000 0.000000 1.000000
0.350636 -0.811822 0.466904 -0.379374
-0.537612 -0.582711 -0.609443 -0.505807
0.766830 -0.037320 -0.640765 -0.263227
0.000000 0.000000 0.000000 1.000000
-0.500017 -0.763873 0.408022 -0.351107
-0.426944 -0.192480 -0.883555 -0.353010
0.753460 -0.615995 -0.229888 -0.513611
0.000000 0.000000 0.000000 1.000000
-0.041632 -0.981431 -0.187241 -0.593298
-0.328945 0.190419 -0.924952 -0.238370
0.943431 0.023084 -0.330765 -0.470937
0.000000 0.000000 0.000000 1.000000
-0.010508 -0.876437 0.481402 -0.430989
-0.649323 -0.360138 -0.669836 -0.426378
0.760440 -0.319624 -0.565306 -0.275934
0.000000 0.000000 0.000000 1.000000
0.197825 -0.643989 0.739015 -0.064849
-0.950406 -0.310589 -0.016240 -0.356490
0.239988 -0.699151 -0.673494 -0.580826
0.000000 0.000000 0.000000 1.000000
0.000535 -0.660338 0.750968 0.022576
-0.976871 -0.160923 -0.140806 -0.264914
0.213828 -0.733524 -0.645152 -0.610513
0.000000 0.000000 0.000000 1.000000
-0.064057 -0.715423 0.695749 -0.219074
-0.833021 -0.345571 -0.432038 -0.486882
0.549521 -0.607249 -0.573826 -0.319513
0.000000 0.000000 0.000000 1.000000
0.233117 -0.951469 -0.200907 -0.590195
-0.585120 0.027776 -0.810471 -0.490704
0.776718 0.306489 -0.550248 -0.268662
0.000000 0.000000 0.000000 1.000000
0.083506 -0.545486 0.833949 -0.143926
-0.829933 -0.501288 -0.244789 -0.464225
0.551578 -0.671681 -0.494577 -0.398016
0.000000 0.000000 0.000000 1.000000
-0.434567 -0.847394 0.305083 -0.519452
-0.501009 -0.054041 -0.863753 -0.491667
0.748426 -0.528208 -0.401067 -0.203750
0.000000 0.000000 0.000000 1.000000
0.031376 -0.983191 0.179866 -0.486230
-0.557227 -0.166600 -0.813476 -0.447145
0.829767 -0.074703 -0.553088 -0.345746
0.000000 0.000000 0.000000 1.000000
-0.387113 -0.917828 0.087955 -0.334031
-0.249271 0.012338 -0.968355 -0.225959
0.887698 -0.396787 -0.233564 -0.597146
0.000000 0.000000 0.000000 1.000000
-0.707332 -0.567620 0.421295 -0.243925
-0.384170 -0.191611 -0.903161 -0.311180
0.593376 -0.800683 -0.082530 -0.548217
0.000000 0.000000 0.000000 1.000000
-0.502054 -0.446746 0.740513 -0.059405
-0.861657 0.185034 -0.472557 -0.169887
0.074093 -0.875317 -0.477839 -0.576942
0.000000 0.000000 0.000000 1.000000
-0.200184 -0.969600 0.140717 -0.573923
-0.638883 0.020294 -0.769036 -0.346501
0.742802 -0.243851 -0.623524 -0.243802
0.000000 0.000000 0.000000 1.000000
0.257415 -0.731525 0.631355 -0.280730
-0.232362 -0.681062 -0.694380 -0.640755
0.937948 0.032041 -0.345294 -0.298602
0.000000 0.000000 0.000000 1.000000
-0.129022 -0.422650 0.897062 -0.054890
-0.991622 0.060725 -0.114012 -0.346728
-0.006287 -0.904257 -0.426943 -0.469291
0.000000 0.000000 0.000000 1.000000
-0.270392 -0.586040 0.763836 -0.113612
-0.805696 -0.296562 -0.512743 -0.338268
0.527013 -0.754061 -0.391982 -0.494774
0.000000 0.000000 0.000000 1.000000
0.192661 -0.802270 0.565017 -0.309496
-0.079091 -0.586628 -0.805985 -0.542269
0.978073 0.110594 -0.176473 -0.462440
0.000000 0.000000 0.000000 1.000000
-0.462524 -0.814910 0.349275 -0.290719
-0.731241 0.127857 -0.670030 -0.258859
0.501356 -0.565309 -0.655032 -0.620618
0.000000 0.000000 0.000000 1.000000
-0.758339 -0.647145 0.078261 -0.457862
-0.064524 -0.044947 -0.996903 -0.227200
0.648659 -0.761041 -0.007671 -0.431002
0.000000 0.000000 0.000000 1.000000
-0.161841 -0.923130 0.348767 -0.395173
-0.354334 -0.275495 -0.893616 -0.451519
0.921007 -0.268204 -0.282510 -0.438646
0.000000 0.000000 0.000000 1.000000
0.374509 -0.877679 0.299037 -0.592845
-0.008165 -0.325618 -0.945466 -0.501806
0.927187 0.351644 -0.129113 -0.140722
0.000000 0.000000 0.000000 1.000000
0.030344 -0.999338 0.020063 -0.617802
-0.424163 -0.031050 -0.905054 -0.388904
0.905077 0.018953 -0.424824 -0.244149
0.000000 0.000000 0.000000 1.000000
-0.442924 -0.428026 0.787789 0.039632
-0.896532 0.204649 -0.392872 -0.153227
0.006939 -0.880291 -0.474383 -0.601803
0.000000 0.000000 0.000000 1.000000
0.168113 -0.741914 0.649078 -0.082315
-0.489430 -0.634379 -0.598349 -0.325215
0.855684 -0.217088 -0.469763 -0.633586
0.000000 0.000000 0.000000 1.000000
