0,1,2,3,4,5,6,7,8,9,10,11,12,13,14,15
0.396711,-0.911771,-0.106273,-0.638140,-0.267385,-0.004027,-0.963581,-0.278599,0.878138,0.410679,-0.245391,-0.311729,0.000000,0.000000,0.000000,1.000000
0.161453,-0.973990,-0.158983,-0.458022,-0.618191,0.025759,-0.785606,-0.217155,0.769268,0.225120,-0.597953,-0.599289,0.000000,0.000000,0.000000,1.000000
-0.687044,-0.522642,0.504792,-0.217720,-0.508891,-0.149780,-0.847700,-0.316390,0.518652,-0.839292,-0.163063,-0.530069,0.000000,0.000000,0.000000,1.000000
-0.661400,-0.672904,0.331284,-0.361882,-0.649436,0.292838,-0.701768,-0.230240,0.375210,-0.679298,-0.630691,-0.498629,0.000000,0.000000,0.000000,1.000000
-0.075010,-0.972193,-0.221842,-0.658297,-0.405010,0.232995,-0.884127,-0.396088,0.911230,0.023530,-0.411225,-0.230911,0.000000,0.000000,0.000000,1.000000
-0.076750,-0.539955,0.838187,0.047503,-0.996986,0.051086,-0.058381,-0.191408,-0.011297,-0.840142,-0.542249,-0.628355,0.000000,0.000000,0.000000,1.000000
-0.765471,-0.221847,0.604019,-0.140910,-0.639192,0.154087,-0.753452,-0.288660,0.074079,-0.962830,-0.259752,-0.510519,0.000000,0.000000,0.000000,1.000000
-0.458604,-0.665752,0.588606,-0.296450,-0.794602,0.010668,-0.607037,-0.484789,0.397856,-0.746097,-0.533901,-0.407083,0.000000,0.000000,0.000000,1.000000
-0.469741,-0.882759,-0.008902,-0.599803,-0.692007,0.374460,-0.617175,-0.219031,0.548150,-0.283752,-0.786775,-0.388098,0.000000,0.000000,0.000000,1.000000
0.311323,-0.845458,0.433910,-0.190001,-0.556413,-0.532322,-0.637995,-0.324860,0.770378,-0.042811,-0.636148,-0.553822,0.000000,0.000000,0.000000,1.000000
0.006325,-0.997111,-0.075689,-0.644663,-0.790081,0.041414,-0.611603,-0.176042,0.612970,0.063669,-0.787536,-0.340032,0.000000,0.000000,0.000000,1.000000
-0.677115,-0.574524,0.459824,-0.148301,-0.599437,0.068183,-0.797512,-0.206551,0.426837,-0.815643,-0.390559,-0.619744,0.000000,0.000000,0.000000,1.000000
-0.058796,-0.956355,0.286229,-0.382688,-0.381183,-0.243491,-0.891859,-0.394794,0.922628,-0.161543,-0.350230,-0.531761,0.000000,0.000000,0.000000,1.000000
-0.535202,-0.837546,0.109886,-0.207300,-0.107413,-0.061552,-0.992307,-0.212517,0.837867,-0.542888,-0.057020,-0.605056,0.000000,0.000000,0.000000,1.000000
0.411627,-0.864093,-0.289666,-0.704735,-0.617981,-0.031040,-0.785580,-0.343605,0.669823,0.502374,-0.546770,-0.141101,0.000000,0.000000,0.000000,1.000000
-0.445023,-0.654611,0.611096,-0.219521,-0.712741,-0.154233,-0.684261,-0.367913,0.542176,-0.740065,-0.397931,-0.566865,0.000000,0.000000,0.000000,1.000000
-0.836597,-0.516752,0.181859,-0.441125,-0.256604,0.076349,-0.963496,-0.216361,0.484004,-0.852724,-0.196474,-0.395182,0.000000,0.000000,0.000000,1.000000
-0.244289,-0.685568,0.685798,-0.060840,-0.722884,-0.342643,-0.600029,-0.239488,0.646345,-0.642333,-0.411882,-0.575795,0.000000,0.000000,0.000000,1.000000
0.332072,-0.770144,0.544616,-0.274922,-0.556825,-0.626096,-0.545848,-0.535512,0.761363,-0.121995,-0.636745,-0.311259,0.000000,0.000000,0.000000,1.000000
0.204057,-0.947221,0.247250,-0.540759,-0.465076,-0.316041,-0.826935,-0.521557,0.861432,0.053752,-0.505021,-0.134747,0.000000,0.000000,0.000000,1.000000
-0.428648,-0.368008,0.825125,-0.136498,-0.744608,-0.373342,-0.553331,-0.499320,0.511684,-0.851578,-0.113990,-0.314378,0.000000,0.000000,0.000000,1.000000
0.162368,-0.974189,-0.156820,-0.725532,-0.245713,0.114004,-0.962615,-0.214223,0.955647,0.194831,-0.220860,-0.150401,0.000000,0.000000,0.000000,1.000000
-0.290394,-0.956528,0.026938,-0.657113,-0.371813,0.086851,-0.924236,-0.396712,0.881718,-0.278408,-0.380870,-0.106607,0.000000,0.000000,0.000000,1.000000
-0.154694,-0.613044,0.774756,0.019120,-0.759379,-0.427863,-0.490180,-0.295749,0.631992,-0.664162,-0.399344,-0.637480,0.000000,0.000000,0.000000,1.000000
-0.845576,-0.501274,0.183642,-0.029867,-0.169861,-0.073491,-0.982724,-0.199029,0.506110,-0.862162,-0.023005,-0.558987,0.000000,0.000000,0.000000,1.000000
-0.480555,-0.808214,0.340379,-0.331475,-0.820147,0.276751,-0.500768,-0.238297,0.310527,-0.519807,-0.795848,-0.588666,0.000000,0.000000,0.000000,1.000000
0.261518,-0.963366,-0.059453,-0.617888,-0.713403,-0.151438,-0.684194,-0.434285,0.650126,0.221343,-0.726872,-0.171289,0.000000,0.000000,0.000000,1.000000
-0.077830,-0.936837,0.340997,-0.141690,-0.507234,-0.257247,-0.822519,-0.267141,0.858287,-0.236982,-0.455174,-0.662425,0.000000,0.000000,0.000000,1.000000
0.337639,-0.940404,-0.040499,-0.572565,-0.730458,-0.234639,-0.641386,-0.380893,0.593659,0.246140,-0.766149,-0.317655,0.000000,0.000000,0.000000,1.000000
0.436692,-0.837197,-0.329244,-0.674933,-0.430645,0.126785,-0.893572,-0.384345,0.789838,0.532003,-0.305169,-0.322634,0.000000,0.000000,0.000000,1.000000
-0.519748,-0.706323,0.480593,-0.386820,-0.435145,-0.265232,-0.860407,-0.434818,0.735194,-0.656323,-0.169500,-0.298980,0.000000,0.000000,0.000000,1.000000
-0.066146,-0.892992,0.445186,-0.287653,-0.770936,-0.237512,-0.590969,-0.506104,0.633468,-0.382300,-0.672729,-0.421030,0.000000,0.000000,0.000000,1.000000
-0.408032,-0.905922,-0.113202,-0.611134,-0.614858,0.364335,-0.699435,-0.316655,0.674877,-0.215789,-0.705674,-0.341681,0.000000,0.000000,0.000000,1.000000
-0.066544,-0.965202,0.252896,-0.332120,-0.513414,-0.184207,-0.838137,-0.490000,0.855557,-0.185613,-0.483290,-0.530340,0.000000,0.000000,0.000000,1.000000
-0.866293,-0.451218,0.214333,-0.221630,-0.276289,0.075331,-0.958118,-0.221893,0.416174,-0.889229,-0.189925,-0.518828,0.000000,0.000000,0.000000,1.000000
-0.341642,-0.811305,0.474409,-0.189174,-0.742019,-0.076946,-0.665948,-0.224694,0.576791,-0.579537,-0.575716,-0.613261,0.000000,0.000000,0.000000,1.000000
-0.926090,0.058518,0.372737,-0.127546,-0.363471,0.126671,-0.922954,-0.216140,-0.101224,-0.990217,-0.096039,-0.533248,0.000000,0.000000,0.000000,1.000000
-0.182123,-0.739069,0.648543,0.095547,-0.936326,-0.071024,-0.343875,-0.138326,0.300210,-0.669875,-0.679074,-0.656600,0.000000,0.000000,0.000000,1.000000
-0.121817,-0.662169,0.739387,-0.273968,-0.196394,-0.714126,-0.671903,-0.600499,0.972929,-0.227060,-0.043053,-0.258285,0.000000,0.000000,0.000000,1.000000
-0.411763,-0.846369,0.337803,-0.248968,-0.852736,0.227123,-0.470380,-0.257894,0.321392,-0.481742,-0.815250,-0.646889,0.000000,0.000000,0.000000,1.000000
-0.163300,-0.882882,0.440287,-0.129309,-0.568457,-0.280547,-0.773402,-0.245591,0.806344,-0.376581,-0.456067,-0.659069,0.000000,0.000000,0.000000,1.000000
-0.560209,-0.699434,0.443800,-0.302897,-0.782729,0.271619,-0.559963,-0.273932,0.271113,-0.661071,-0.699631,-0.577604,0.000000,0.000000,0.000000,1.000000
-0.209352,-0.839874,0.500783,-0.059013,-0.623895,-0.279618,-0.729773,-0.257432,0.752945,-0.465215,-0.465455,-0.642616,0.000000,0.000000,0.000000,1.000000
0.128644,-0.651159,0.747959,-0.196795,-0.333193,-0.738762,-0.585845,-0.609166,0.934041,-0.173849,-0.311999,-0.339057,0.000000,0.000000,0.000000,1.000000
-0.652497,-0.424301,0.627866,-0.045278,-0.725597,0.110886,-0.679127,-0.170466,0.218532,-0.898706,-0.380225,-0.601234,0.000000,0.000000,0.000000,1.000000
-0.500463,-0.864803,0.040653,-0.574545,-0.352503,0.160656,-0.921917,-0.264817,0.790746,-0.475715,-0.385248,-0.384205,0.000000,0.000000,0.000000,1.000000
-0.295573,-0.616531,0.729744,-0.173099,-0.935210,0.030830,-0.352748,-0.438691,0.194982,-0.786727,-0.585698,-0.499656,0.000000,0.000000,0.000000,1.000000
0.004816,-0.804154,0.594402,-0.283946,-0.740903,-0.402076,-0.537957,-0.375662,0.671595,-0.437803,-0.597737,-0.520040,0.000000,0.000000,0.000000,1.000000
-0.685958,-0.395790,0.610583,-0.058702,-0.717572,0.507071,-0.477461,-0.186601,-0.120635,-0.765656,-0.631837,-0.624938,0.000000,0.000000,0.000000,1.000000
0.056087,-0.958290,-0.280240,-0.712807,-0.460032,0.224309,-0.859102,-0.266593,0.886129,0.177104,-0.428263,-0.240396,0.000000,0.000000,0.000000,1.000000
-0.300369,-0.951202,-0.070661,-0.390081,-0.623776,0.251938,-0.739886,-0.298285,0.721583,-0.178162,-0.669011,-0.629564,0.000000,0.000000,0.000000,1.000000
-0.177358,-0.982319,-0.059943,-0.687108,-0.177255,0.091797,-0.979874,-0.215566,0.968052,-0.163164,-0.190402,-0.231518,0.000000,0.000000,0.000000,1.000000
0.180274,-0.940288,-0.288722,-0.563237,-0.688398,0.089053,-0.719846,-0.258945,0.702574,0.328525,-0.631238,-0.383036,0.000000,0.000000,0.000000,1.000000
0.075702,-0.809879,0.581691,-0.120013,-0.563834,-0.515914,-0.644922,-0.376651,0.822411,-0.279155,-0.495693,-0.636834,0.000000,0.000000,0.000000,1.000000
-0.314823,-0.566730,0.761383,-0.120695,-0.911697,-0.042558,-0.408654,-0.404671,0.263999,-0.822804,-0.503287,-0.498594,0.000000,0.000000,0.000000,1.000000
-0.284086,-0.907671,-0.308916,-0.647712,-0.452592,0.410985,-0.791361,-0.283221,0.845255,-0.085002,-0.527560,-0.284494,0.000000,0.000000,0.000000,1.000000
-0.115747,-0.741868,0.660480,-0.159095,-0.869427,-0.245873,-0.428536,-0.382276,0.480311,-0.623841,-0.616541,-0.539428,0.000000,0.000000,0.000000,1.000000
0.390198,-0.534436,0.749749,-0.252861,0.364266,-0.658255,-0.658795,-0.654426,0.845610,0.530169,-0.062173,-0.284513,0.000000,0.000000,0.000000,1.000000
-0.695056,-0.396432,0.599782,-0.194519,-0.679618,0.090116,-0.728010,-0.349280,0.234557,-0.913630,-0.332058,-0.540518,0.000000,0.000000,0.000000,1.000000
-0.545743,-0.453620,0.704552,-0.127465,-0.823729,0.136159,-0.550393,-0.280031,0.153738,-0.880732,-0.447968,-0.567197,0.000000,0.000000,0.000000,1.000000
-0.207270,-0.835037,0.509659,-0.154355,-0.393037,-0.405998,-0.825038,-0.329671,0.895858,-0.371320,-0.244049,-0.608119,0.000000,0.000000,0.000000,1.000000
0.360149,-0.798780,0.481916,-0.093941,-0.603378,-0.593434,-0.532701,-0.293057,0.711496,-0.098926,-0.695692,-0.683560,0.000000,0.000000,0.000000,1.000000
-0.355124,-0.375717,0.855992,-0.062965,-0.930252,0.051631,-0.363270,-0.207834,0.092291,-0.925295,-0.367847,-0.581671,0.000000,0.000000,0.000000,1.000000
-0.864785,-0.285201,0.413287,-0.250897,-0.397927,-0.112763,-0.910460,-0.322416,0.306268,-0.951811,-0.015974,-0.544040,0.000000,0.000000,0.000000,1.000000
-0.373336,-0.927681,-0.005242,-0.564648,-0.701989,0.286193,-0.652154,-0.197294,0.606491,-0.239793,-0.758068,-0.444302,0.000000,0.000000,0.000000,1.000000
-0.129461,-0.932119,0.338222,-0.277525,-0.464349,-0.244391,-0.851266,-0.348245,0.876139,-0.267259,-0.401189,-0.571346,0.000000,0.000000,0.000000,1.000000
0.279702,-0.630969,0.723634,-0.176504,-0.276215,-0.774735,-0.568763,-0.576129,0.919496,-0.040794,-0.390977,-0.424746,0.000000,0.000000,0.000000,1.000000
0.261570,-0.750840,0.606482,-0.265024,-0.315651,-0.660352,-0.681395,-0.603791,0.912110,-0.013204,-0.409732,-0.288475,0.000000,0.000000,0.000000,1.000000
0.458446,-0.869278,-0.184889,-0.588062,-0.644287,-0.181787,-0.742864,-0.400338,0.612145,0.459685,-0.643404,-0.374890,0.000000,0.000000,0.000000,1.000000
0.076755,-0.992540,0.094724,-0.411353,-0.300964,-0.113636,-0.946841,-0.328455,0.950541,0.044167,-0.307441,-0.576871,0.000000,0.000000,0.000000,1.000000
0.713439,-0.615592,-0.334740,-0.702077,-0.537105,-0.173619,-0.825455,-0.375041,0.450026,0.768702,-0.454504,-0.213832,0.000000,0.000000,0.000000,1.000000
0.817306,-0.531071,-0.223550,-0.591772,-0.434327,-0.312859,-0.844677,-0.579853,0.378643,0.787454,-0.486360,-0.063590,0.000000,0.000000,0.000000,1.000000
0.531851,-0.813231,0.236198,-0.607240,0.000685,-0.278504,-0.960435,-0.470160,0.846837,0.510970,-0.147566,-0.173688,0.000000,0.000000,0.000000,1.000000
0.197584,-0.832588,0.517453,-0.362623,-0.103990,-0.542682,-0.833476,-0.542264,0.974755,0.110872,-0.193806,-0.347986,0.000000,0.000000,0.000000,1.000000
-0.371761,-0.914184,0.161435,-0.233228,-0.533429,0.068041,-0.843104,-0.184622,0.759768,-0.399547,-0.512947,-0.607767,0.000000,0.000000,0.000000,1.000000
0.371970,-0.911178,-0.177178,-0.566076,-0.594976,-0.087529,-0.798963,-0.563911,0.712490,0.402607,-0.574687,-0.171681,0.000000,0.000000,0.000000,1.000000
0.005414,-0.968013,0.250843,-0.526564,-0.260547,-0.243548,-0.934237,-0.562193,0.965446,-0.060298,-0.253531,-0.180968,0.000000,0.000000,0.000000,1.000000
0.000946,-0.859976,0.510333,-0.462928,-0.167634,-0.503248,-0.847726,-0.606219,0.985849,-0.084747,-0.144638,-0.143314,0.000000,0.000000,0.000000,1.000000
-0.606585,-0.202492,0.768798,-0.176897,-0.722847,0.543057,-0.427295,-0.195839,-0.330978,-0.814915,-0.475781,-0.558847,0.000000,0.000000,0.000000,1.000000
-0.315413,-0.901356,0.296769,-0.271487,-0.505344,-0.105159,-0.856486,-0.301300,0.803207,-0.420118,-0.422327,-0.530424,0.000000,0.000000,0.000000,1.000000
0.017854,-0.998744,0.046806,-0.394943,-0.354837,-0.050096,-0.933585,-0.223824,0.934758,0.000059,-0.355286,-0.586042,0.000000,0.000000,0.000000,1.000000
0.596498,-0.624867,0.503719,-0.122217,-0.541266,-0.776588,-0.322401,-0.456832,0.592640,-0.080334,-0.801452,-0.519253,0.000000,0.000000,0.000000,1.000000
-0.304664,-0.951960,0.030855,-0.559526,-0.259849,0.051908,-0.964253,-0.313685,0.916329,-0.301791,-0.263180,-0.430404,0.000000,0.000000,0.000000,1.000000
0.188637,-0.877537,0.440845,-0.217512,-0.845405,-0.373530,-0.381793,-0.442220,0.499706,-0.300672,-0.812336,-0.484537,0.000000,0.000000,0.000000,1.000000
-0.021777,-0.998427,0.051668,-0.307652,-0.247201,-0.044698,-0.967933,-0.245834,0.968719,-0.033851,-0.245839,-0.671012,0.000000,0.000000,0.000000,1.000000
-0.619198,-0.452046,0.642066,-0.168405,-0.783876,0.307763,-0.539277,-0.308765,0.046174,-0.837220,-0.544914,-0.550899,0.000000,0.000000,0.000000,1.000000
0.484595,-0.830302,0.275256,-0.410037,-0.493914,-0.519433,-0.697308,-0.520860,0.721953,0.201959,-0.661813,-0.357514,0.000000,0.000000,0.000000,1.000000
0.764507,-0.640340,0.074118,-0.492645,-0.209242,-0.355267,-0.911045,-0.544660,0.609710,0.680992,-0.405590,-0.339004,0.000000,0.000000,0.000000,1.000000
-0.425273,-0.902475,0.068426,-0.234353,-0.653669,0.253977,-0.712890,-0.182423,0.625987,-0.347900,-0.697930,-0.606396,0.000000,0.000000,0.000000,1.000000
-0.573679,-0.798044,0.184441,-0.611869,-0.171710,-0.103001,-0.979748,-0.323101,0.800880,-0.593731,-0.077943,-0.199572,0.000000,0.000000,0.000000,1.000000
-0.194312,-0.544431,0.815989,-0.098403,-0.441109,-0.694499,-0.568414,-0.482210,0.876166,-0.470389,-0.105203,-0.517710,0.000000,0.000000,0.000000,1.000000
0.187077,-0.904376,0.383545,-0.537484,-0.008645,-0.391939,-0.919951,-0.523137,0.982307,0.168786,-0.081141,-0.266000,0.000000,0.000000,0.000000,1.000000
-0.443431,-0.555338,0.703540,-0.246034,-0.654876,-0.335187,-0.677338,-0.467454,0.611970,-0.761084,-0.215045,-0.418882,0.000000,0.000000,0.000000,1.000000
0.001128,-0.940984,0.338448,-0.472918,-0.303719,-0.322783,-0.896418,-0.633055,0.952761,-0.101782,-0.286159,-0.132242,0.000000,0.000000,0.000000,1.000000
0.243001,-0.703035,0.668351,-0.163033,-0.523570,-0.675080,-0.519752,-0.416652,0.816593,-0.223628,-0.532133,-0.541284,0.000000,0.000000,0.000000,1.000000
-0.137072,-0.613840,0.777439,-0.150009,-0.337138,-0.709081,-0.619308,-0.482588,0.931423,-0.346994,-0.109754,-0.360204,0.000000,0.000000,0.000000,1.000000
0.074181,-0.940953,0.330311,-0.542704,-0.252585,-0.338152,-0.906562,-0.460723,0.964727,-0.016182,-0.262755,-0.170637,0.000000,0.000000,0.000000,1.000000
-0.242696,-0.716340,0.654184,0.055398,-0.859479,-0.153951,-0.487437,-0.183378,0.449883,-0.680556,-0.578316,-0.640747,0.000000,0.000000,0.000000,1.000000
0.613891,-0.624026,0.483455,-0.092526,-0.316849,-0.755729,-0.573133,-0.384832,0.723010,0.198659,-0.661658,-0.673195,0.000000,0.000000,0.000000,1.000000
-0.496503,-0.867258,-0.036730,-0.418436,-0.655269,0.402220,-0.639407,-0.292100,0.569304,-0.293399,-0.767991,-0.508167,0.000000,0.000000,0.000000,1.000000
0.435670,-0.795613,0.420941,-0.574763,0.167717,-0.387712,-0.906394,-0.493101,0.884343,0.465488,-0.035477,-0.015102,0.000000,0.000000,0.000000,1.000000
-0.522449,-0.491835,0.696524,-0.048803,-0.554058,-0.425096,-0.715760,-0.298080,0.648126,-0.759863,-0.050414,-0.503454,0.000000,0.000000,0.000000,1.000000
-0.975334,-0.054406,0.213924,-0.195124,-0.217426,0.069643,-0.973589,-0.224456,0.038070,-0.996087,-0.079755,-0.581782,0.000000,0.000000,0.000000,1.000000
-0.562031,-0.663723,0.493552,-0.377638,-0.578809,-0.110653,-0.807921,-0.439946,0.590848,-0.739749,-0.321978,-0.329773,0.000000,0.000000,0.000000,1.000000
0.139292,-0.965310,0.220848,-0.369351,-0.341757,-0.256181,-0.904198,-0.363882,0.929408,0.050471,-0.365585,-0.573169,0.000000,0.000000,0.000000,1.000000
-0.039031,-0.999232,0.003608,-0.359566,-0.641571,0.022292,-0.766740,-0.437317,0.766070,-0.032241,-0.641948,-0.570034,0.000000,0.000000,0.000000,1.000000
-0.245088,-0.965527,0.087693,-0.553960,-0.170053,-0.046237,-0.984350,-0.251482,0.954471,-0.256165,-0.152859,-0.376691,0.000000,0.000000,0.000000,1.000000
-0.282455,-0.955859,-0.080952,-0.647415,-0.232526,0.150093,-0.960939,-0.265782,0.930672,-0.252599,-0.264657,-0.244400,0.000000,0.000000,0.000000,1.000000
-0.483210,-0.873799,-0.054621,-0.377978,-0.490025,0.321629,-0.810204,-0.191330,0.725523,-0.364733,-0.583598,-0.620883,0.000000,0.000000,0.000000,1.000000
-0.731025,-0.655226,0.190478,-0.524387,-0.465967,0.275435,-0.840839,-0.221729,0.498475,-0.703431,-0.506663,-0.258000,0.000000,0.000000,0.000000,1.000000
0.306688,-0.784254,0.539341,-0.296501,-0.040761,-0.576950,-0.815762,-0.595824,0.950937,0.228201,-0.208910,-0.444090,0.000000,0.000000,0.000000,1.000000
-0.008923,-0.981868,0.189357,-0.241682,-0.770855,-0.113865,-0.626751,-0.368938,0.636948,-0.151559,-0.755862,-0.649946,0.000000,0.000000,0.000000,1.000000
0.346751,-0.705348,0.618262,-0.099551,-0.352745,-0.708833,-0.610841,-0.397599,0.869100,-0.006279,-0.494597,-0.586311,0.000000,0.000000,0.000000,1.000000
-0.141187,-0.771036,0.620942,-0.173371,-0.585875,-0.440519,-0.680215,-0.497994,0.798008,-0.459833,-0.389535,-0.440139,0.000000,0.000000,0.000000,1.000000
0.079016,-0.996467,0.028466,-0.589017,-0.412763,-0.058696,-0.908945,-0.395395,0.907405,0.060072,-0.415943,-0.336837,0.000000,0.000000,0.000000,1.000000
-0.278906,-0.948852,-0.147957,-0.536910,-0.257820,0.222399,-0.940249,-0.197090,0.925062,-0.224095,-0.306661,-0.510473,0.000000,0.000000,0.000000,1.000000
0.031847,-0.937922,0.345382,-0.138695,-0.849886,-0.207269,-0.484493,-0.475280,0.526003,-0.278106,-0.803727,-0.590113,0.000000,0.000000,0.000000,1.000000
0.033627,-0.754166,0.655822,-0.271196,-0.345010,-0.624614,-0.700589,-0.563413,0.937996,-0.202706,-0.281199,-0.401867,0.000000,0.000000,0.000000,1.000000
-0.158863,-0.957436,0.240994,-0.427120,-0.321540,-0.180613,-0.929511,-0.378519,0.933474,-0.225154,-0.279161,-0.471516,0.000000,0.000000,0.000000,1.000000
-0.282927,-0.764548,0.579153,-0.265647,-0.864438,-0.058364,-0.499341,-0.475189,0.415572,-0.641919,-0.644392,-0.418387,0.000000,0.000000,0.000000,1.000000
-0.016570,-0.999683,-0.018955,-0.651782,-0.148177,0.021203,-0.988734,-0.231825,0.988822,-0.013575,-0.148481,-0.247549,0.000000,0.000000,0.000000,1.000000
-0.843174,-0.121607,0.523707,-0.178874,-0.537408,0.219263,-0.814319,-0.278118,-0.015802,-0.968058,-0.250229,-0.592534,0.000000,0.000000,0.000000,1.000000
-0.484933,-0.796715,0.360673,-0.362606,-0.817193,0.265903,-0.511362,-0.287341,0.311506,-0.542716,-0.780015,-0.487482,0.000000,0.000000,0.000000,1.000000
0.216854,-0.973646,0.070627,-0.396832,-0.411442,-0.156767,-0.897853,-0.273437,0.885263,0.165644,-0.434594,-0.587138,0.000000,0.000000,0.000000,1.000000
-0.688098,-0.621041,0.375273,-0.397117,-0.602891,0.201524,-0.771953,-0.233023,0.403788,-0.757427,-0.513088,-0.436421,0.000000,0.000000,0.000000,1.000000
-0.366044,-0.695624,0.618158,-0.186258,-0.922416,0.183321,-0.339916,-0.375535,0.123133,-0.694623,-0.708758,-0.519962,0.000000,0.000000,0.000000,1.000000
-0.485071,-0.856916,0.174356,-0.451493,-0.265607,-0.045590,-0.963003,-0.257436,0.833162,-0.513435,-0.205489,-0.482960,0.000000,0.000000,0.000000,1.000000
0.745158,-0.589624,0.311582,-0.232048,-0.271791,-0.695160,-0.665493,-0.656246,0.608990,0.411212,-0.678259,-0.368869,0.000000,0.000000,0.000000,1.000000
-0.011487,-0.904412,0.426505,-0.139310,-0.446203,-0.377075,-0.811614,-0.300674,0.894858,-0.199631,-0.399220,-0.644450,0.000000,0.000000,0.000000,1.000000
0.190479,-0.975896,-0.106513,-0.399096,-0.810944,-0.095272,-0.577315,-0.203685,0.553252,0.196343,-0.809544,-0.616313,0.000000,0.000000,0.000000,1.000000
-0.219195,-0.821153,0.526935,0.054430,-0.938625,0.030045,-0.343628,-0.163934,0.266340,-0.569916,-0.777341,-0.690365,0.000000,0.000000,0.000000,1.000000
-0.343050,-0.602713,0.720454,-0.074572,-0.581435,-0.466142,-0.666817,-0.321208,0.737733,-0.647649,-0.190528,-0.609635,0.000000,0.000000,0.000000,1.000000
0.161216,-0.946046,-0.281082,-0.743337,-0.304813,0.223153,-0.925901,-0.228795,0.938668,0.234948,-0.252391,-0.198084,0.000000,0.000000,0.000000,1.000000
-0.934460,-0.268566,0.233786,-0.094319,-0.331141,0.414145,-0.847838,-0.179099,0.130879,-0.869687,-0.475936,-0.632214,0.000000,0.000000,0.000000,1.000000
-0.685048,-0.724289,0.078197,-0.329286,-0.629617,0.534649,-0.563678,-0.233931,0.366458,-0.435381,-0.822285,-0.653980,0.000000,0.000000,0.000000,1.000000
-0.034036,-0.808059,0.588117,-0.261466,-0.562383,-0.470966,-0.679644,-0.400817,0.826176,-0.353880,-0.438409,-0.535639,0.000000,0.000000,0.000000,1.000000
-0.273764,-0.665623,0.694262,-0.305705,-0.357989,-0.599454,-0.715890,-0.553649,0.892691,-0.444523,-0.074177,-0.259026,0.000000,0.000000,0.000000,1.000000
-0.784164,-0.595616,0.174150,-0.197977,-0.256510,0.055575,-0.964942,-0.225060,0.565057,-0.801344,-0.196362,-0.597451,0.000000,0.000000,0.000000,1.000000
-0.207244,-0.500841,0.840362,0.086194,-0.907928,-0.221416,-0.355867,-0.158718,0.364302,-0.836740,-0.408841,-0.598470,0.000000,0.000000,0.000000,1.000000
0.272921,-0.635847,0.721951,-0.191339,-0.097561,-0.764864,-0.636761,-0.599510,0.957077,0.103352,-0.270781,-0.421070,0.000000,0.000000,0.000000,1.000000
-0.533297,-0.818230,-0.214695,-0.704037,-0.534778,0.522748,-0.663888,-0.188264,0.655444,-0.239235,-0.716351,-0.236012,0.000000,0.000000,0.000000,1.000000
0.562025,-0.579836,0.589846,-0.398550,0.282941,-0.535331,-0.795843,-0.673731,0.777221,0.614175,-0.136810,-0.068165,0.000000,0.000000,0.000000,1.000000
0.377604,-0.925964,-0.002568,-0.565962,-0.402852,-0.161782,-0.900853,-0.293677,0.833742,0.341201,-0.434116,-0.348711,0.000000,0.000000,0.000000,1.000000
-0.065023,-0.788092,0.612113,-0.138177,-0.784807,-0.338471,-0.519148,-0.332919,0.616320,-0.514147,-0.596492,-0.636697,0.000000,0.000000,0.000000,1.000000
-0.202434,-0.667719,0.716360,-0.229825,-0.978673,0.164031,-0.123666,-0.419568,-0.034931,-0.726116,-0.686684,-0.382743,0.000000,0.000000,0.000000,1.000000
0.289025,-0.880632,-0.375435,-0.741498,-0.332478,0.275424,-0.901998,-0.183621,0.897732,0.385524,-0.213186,-0.299796,0.000000,0.000000,0.000000,1.000000
0.288190,-0.852836,0.435451,-0.228441,-0.575720,-0.517692,-0.632883,-0.404140,0.765175,-0.068308,-0.640188,-0.578531,0.000000,0.000000,0.000000,1.000000
-0.279433,-0.707141,0.649514,-0.298930,-0.640976,-0.366275,-0.674532,-0.563197,0.714890,-0.604809,-0.350911,-0.354629,0.000000,0.000000,0.000000,1.000000
-0.065723,-0.762957,0.643099,-0.186019,-0.558362,-0.506024,-0.657398,-0.389180,0.826990,-0.402288,-0.392748,-0.573102,0.000000,0.000000,0.000000,1.000000
-0.323832,-0.734521,0.596332,-0.079877,-0.719610,-0.217986,-0.659276,-0.298412,0.614244,-0.642621,-0.457978,-0.579357,0.000000,0.000000,0.000000,1.000000
-0.433532,-0.588541,0.682399,-0.344883,-0.516907,-0.457878,-0.723295,-0.611796,0.738144,-0.666309,-0.105716,-0.170837,0.000000,0.000000,0.000000,1.000000
-0.658598,-0.748838,0.074094,-0.516322,-0.376675,0.242831,-0.893952,-0.237055,0.651433,-0.616664,-0.441996,-0.439251,0.000000,0.000000,0.000000,1.000000
0.236530,-0.956601,0.170202,-0.301233,-0.776294,-0.291402,-0.558975,-0.296130,0.584313,0.000088,-0.811529,-0.593552,0.000000,0.000000,0.000000,1.000000
-0.567909,-0.821967,-0.043012,-0.444805,-0.125532,0.138140,-0.982425,-0.194799,0.813463,-0.552528,-0.181634,-0.571766,0.000000,0.000000,0.000000,1.000000
-0.578134,-0.408786,0.706155,-0.000466,-0.581028,-0.401362,-0.708036,-0.270370,0.572859,-0.819636,-0.005475,-0.542016,0.000000,0.000000,0.000000,1.000000
-0.668154,-0.732112,0.132599,-0.486532,-0.309993,0.111912,-0.944129,-0.218809,0.676369,-0.671928,-0.301724,-0.446143,0.000000,0.000000,0.000000,1.000000
0.214707,-0.939952,0.265312,-0.243736,-0.595200,-0.341301,-0.727496,-0.473103,0.774363,-0.001715,-0.632740,-0.580503,0.000000,0.000000,0.000000,1.000000
0.062612,-0.672302,0.737625,-0.009939,-0.837956,-0.436878,-0.327060,-0.298787,0.542135,-0.597619,-0.590713,-0.560014,0.000000,0.000000,0.000000,1.000000
-0.001765,-0.829662,0.558263,-0.265570,-0.888498,-0.254874,-0.381590,-0.487628,0.458877,-0.496689,-0.736703,-0.456284,0.000000,0.000000,0.000000,1.000000
-0.603207,-0.618781,0.503241,-0.044487,-0.796354,0.432222,-0.423089,-0.192363,0.044287,-0.655969,-0.753488,-0.658804,0.000000,0.000000,0.000000,1.000000
-0.541310,-0.487252,0.685251,-0.283144,-0.744739,-0.100480,-0.659748,-0.500830,0.390318,-0.867461,-0.308485,-0.387730,0.000000,0.000000,0.000000,1.000000
0.088980,-0.843825,0.529190,-0.248612,-0.821771,-0.362413,-0.439715,-0.559572,0.562828,-0.395747,-0.725679,-0.294734,0.000000,0.000000,0.000000,1.000000
-0.001683,-0.468926,0.883236,0.012014,-0.970438,0.213932,0.111731,-0.258938,-0.241346,-0.856937,-0.455423,-0.536611,0.000000,0.000000,0.000000,1.000000
-0.458620,-0.403714,0.791633,-0.088841,-0.877693,0.066436,-0.474596,-0.380491,0.139008,-0.912470,-0.384806,-0.586817,0.000000,0.000000,0.000000,1.000000
-0.252728,-0.963772,0.085274,-0.599601,-0.294839,-0.007229,-0.955520,-0.332503,0.921520,-0.266629,-0.282330,-0.283958,0.000000,0.000000,0.000000,1.000000
-0.035870,-0.675900,0.736120,-0.133976,-0.315133,-0.691363,-0.650160,-0.424619,0.948369,-0.255297,-0.188199,-0.456787,0.000000,0.000000,0.000000,1.000000
0.399310,-0.888698,0.225317,-0.596336,-0.070524,-0.274806,-0.958910,-0.473305,0.914100,0.367012,-0.172407,-0.214244,0.000000,0.000000,0.000000,1.000000
-0.576319,-0.751625,0.320807,-0.466823,-0.562323,0.079876,-0.823051,-0.242672,0.593000,-0.654737,-0.468690,-0.340991,0.000000,0.000000,0.000000,1.000000
-0.756271,-0.264619,0.598357,-0.080306,-0.614822,-0.025279,-0.788261,-0.240518,0.223714,-0.964022,-0.143576,-0.570952,0.000000,0.000000,0.000000,1.000000
-0.484644,-0.873499,0.046040,-0.222408,-0.295510,0.113964,-0.948518,-0.200553,0.823283,-0.473298,-0.313360,-0.654520,0.000000,0.000000,0.000000,1.000000
0.164927,-0.964374,-0.206836,-0.603887,-0.619036,0.062048,-0.782908,-0.254868,0.767850,0.257161,-0.586749,-0.374036,0.000000,0.000000,0.000000,1.000000
-0.498662,-0.862460,-0.086599,-0.446262,-0.517818,0.376527,-0.768174,-0.252239,0.695127,-0.338216,-0.634357,-0.582116,0.000000,0.000000,0.000000,1.000000
-0.337410,-0.936626,-0.094270,-0.434096,-0.307539,0.204325,-0.929339,-0.256553,0.889705,-0.284576,-0.356990,-0.616147,0.000000,0.000000,0.000000,1.000000
0.560636,-0.766136,-0.314203,-0.628788,-0.608429,-0.123741,-0.783902,-0.472694,0.561695,0.630654,-0.535513,-0.264187,0.000000,0.000000,0.000000,1.000000
-0.013390,-0.937809,-0.346893,-0.657803,-0.567822,0.292690,-0.769357,-0.471202,0.823043,0.186672,-0.536427,-0.136146,0.000000,0.000000,0.000000,1.000000
0.362994,-0.930500,0.049040,-0.708467,-0.033617,-0.065674,-0.997275,-0.248471,0.931185,0.360357,-0.055120,-0.085699,0.000000,0.000000,0.000000,1.000000
-0.411773,-0.665146,0.622916,0.067851,-0.887464,0.137422,-0.439912,-0.157105,0.207003,-0.733959,-0.646880,-0.634223,0.000000,0.000000,0.000000,1.000000
-0.539611,-0.685673,0.488542,-0.258577,-0.823835,0.310423,-0.474272,-0.202431,0.173541,-0.658400,-0.732388,-0.521710,0.000000,0.000000,0.000000,1.000000
-0.112777,-0.978430,0.173077,-0.097036,-0.549008,-0.083824,-0.831603,-0.189860,0.828174,-0.188807,-0.527712,-0.650428,0.000000,0.000000,0.000000,1.000000
-0.134294,-0.931153,0.338998,-0.183012,-0.877232,-0.047403,-0.477721,-0.271938,0.460901,-0.361535,-0.810471,-0.679919,0.000000,0.000000,0.000000,1.000000
-0.385074,-0.922220,0.035039,-0.529159,-0.539958,0.194345,-0.818948,-0.217751,0.748441,-0.334275,-0.572797,-0.402278,0.000000,0.000000,0.000000,1.000000
-0.488012,-0.409449,0.770841,-0.129393,-0.870709,0.289997,-0.397199,-0.216354,-0.060908,-0.865016,-0.498033,-0.596269,0.000000,0.000000,0.000000,1.000000
-0.509068,-0.273990,0.815953,-0.182257,-0.818374,-0.139631,-0.557465,-0.548968,0.266672,-0.951542,-0.153144,-0.327965,0.000000,0.000000,0.000000,1.000000
-0.583690,-0.610264,0.535615,-0.171576,-0.625324,-0.082936,-0.775946,-0.330227,0.517953,-0.787845,-0.333204,-0.604468,0.000000,0.000000,0.000000,1.000000
0.125568,-0.701667,0.701353,-0.188924,-0.410496,-0.680340,-0.607150,-0.584255,0.903175,-0.211664,-0.373460,-0.419462,0.000000,0.000000,0.000000,1.000000
0.286819,-0.957010,-0.043201,-0.683795,-0.145936,0.000921,-0.989294,-0.208521,0.946804,0.290052,-0.139399,-0.173483,0.000000,0.000000,0.000000,1.000000
-0.132053,-0.891231,0.433900,-0.048368,-0.929081,-0.041288,-0.367564,-0.239661,0.345499,-0.451666,-0.822574,-0.698664,0.000000,0.000000,0.000000,1.000000
0.319132,-0.938474,0.131991,-0.486984,-0.572759,-0.301952,-0.762084,-0.377020,0.755051,0.167606,-0.633881,-0.443778,0.000000,0.000000,0.000000,1.000000
0.496658,-0.865271,-0.068094,-0.619689,-0.196692,-0.035791,-0.979812,-0.299758,0.845366,0.500025,-0.187968,-0.413343,0.000000,0.000000,0.000000,1.000000
0.092152,-0.697159,0.710970,-0.274774,-0.086726,-0.716914,-0.691746,-0.570981,0.991961,0.002086,-0.126526,-0.315452,0.000000,0.000000,0.000000,1.000000
-0.076897,-0.995869,0.048296,-0.420147,-0.275996,-0.025285,-0.960826,-0.244522,0.958078,-0.087214,-0.272911,-0.576371,0.000000,0.000000,0.000000,1.000000
-0.123104,-0.992176,0.020796,-0.414510,-0.596720,0.057261,-0.800404,-0.211294,0.792950,-0.110943,-0.599101,-0.565065,0.000000,0.000000,0.000000,1.000000
-0.574612,-0.652403,0.494156,-0.142332,-0.511992,-0.184504,-0.838941,-0.247696,0.638502,-0.735070,-0.228007,-0.567915,0.000000,0.000000,0.000000,1.000000
0.180869,-0.971831,-0.151103,-0.462373,-0.431970,0.059528,-0.899921,-0.206077,0.883566,0.228039,-0.409035,-0.594398,0.000000,0.000000,0.000000,1.000000
0.484831,-0.868394,0.104071,-0.373175,-0.568462,-0.403313,-0.717070,-0.399083,0.664672,0.288498,-0.689188,-0.486683,0.000000,0.000000,0.000000,1.000000
0.336987,-0.859141,0.385118,-0.447898,-0.246592,-0.475304,-0.844558,-0.586032,0.908643,0.189638,-0.372029,-0.224337,0.000000,0.000000,0.000000,1.000000
0.639895,-0.649720,0.410363,-0.194422,-0.274236,-0.691915,-0.667869,-0.517644,0.717864,0.314830,-0.620929,-0.554593,0.000000,0.000000,0.000000,1.000000
-0.009024,-0.780965,0.624509,0.030225,-0.931462,-0.220605,-0.289332,-0.229536,0.363728,-0.584318,-0.725448,-0.696345,0.000000,0.000000,0.000000,1.000000
-0.252948,-0.910811,-0.326251,-0.496463,-0.419829,0.407148,-0.811156,-0.191843,0.871643,-0.068210,-0.485372,-0.607418,0.000000,0.000000,0.000000,1.000000
-0.246490,-0.905868,0.344449,-0.530480,-0.175774,-0.307734,-0.935095,-0.408991,0.953072,-0.291037,-0.083375,-0.286078,0.000000,0.000000,0.000000,1.000000
0.420508,-0.824626,0.378372,-0.385703,-0.424105,-0.547324,-0.721507,-0.469420,0.802065,0.142930,-0.579882,-0.439338,0.000000,0.000000,0.000000,1.000000
0.186717,-0.940691,0.283261,-0.539708,-0.038459,-0.295110,-0.954689,-0.379313,0.981661,0.167363,-0.091280,-0.310140,0.000000,0.000000,0.000000,1.000000
0.707426,-0.687596,0.163588,-0.645926,0.058978,-0.173217,-0.983116,-0.433432,0.704323,0.705130,-0.081985,-0.249135,0.000000,0.000000,0.000000,1.000000
-0.806115,-0.570463,0.157321,-0.397165,-0.324460,0.203757,-0.923693,-0.197510,0.494877,-0.795648,-0.349344,-0.550705,0.000000,0.000000,0.000000,1.000000
0.211223,-0.877736,0.430074,-0.303187,-0.279548,-0.475870,-0.833907,-0.744377,0.936610,0.055914,-0.345884,-0.131047,0.000000,0.000000,0.000000,1.000000
-0.727123,-0.580513,0.366465,-0.387299,-0.670830,0.487386,-0.558966,-0.217269,0.145877,-0.652272,-0.743815,-0.511155,0.000000,0.000000,0.000000,1.000000
0.098950,-0.712589,0.694569,-0.232853,-0.941281,-0.293449,-0.166965,-0.406749,0.322798,-0.637264,-0.699783,-0.379884,0.000000,0.000000,0.000000,1.000000
0.385612,-0.539242,0.748680,-0.227852,0.356563,-0.661302,-0.659957,-0.611121,0.850980,0.521438,-0.062732,-0.422824,0.000000,0.000000,0.000000,1.000000
0.273970,-0.786327,0.553742,-0.306880,-0.086665,-0.593615,-0.800069,-0.531321,0.957826,0.171205,-0.230779,-0.396049,0.000000,0.000000,0.000000,1.000000
-0.511232,-0.627104,0.587693,-0.305447,-0.837138,0.208571,-0.505666,-0.391024,0.194530,-0.750492,-0.631601,-0.457867,0.000000,0.000000,0.000000,1.000000
-0.580759,-0.811743,-0.061575,-0.440032,-0.635017,0.499050,-0.589663,-0.236383,0.509384,-0.303351,-0.805299,-0.558691,0.000000,0.000000,0.000000,1.000000
-0.358127,-0.603092,0.712758,-0.040945,-0.715708,-0.312914,-0.624378,-0.334163,0.599590,-0.733733,-0.319575,-0.639983,0.000000,0.000000,0.000000,1.000000
-0.557388,-0.650998,0.515286,-0.297215,-0.530821,-0.197794,-0.824080,-0.294133,0.638395,-0.732857,-0.235315,-0.437857,0.000000,0.000000,0.000000,1.000000
0.379229,-0.854568,0.354822,-0.100434,-0.635570,-0.519264,-0.571329,-0.259098,0.672486,-0.008850,-0.740057,-0.702141,0.000000,0.000000,0.000000,1.000000
-0.183929,-0.745783,0.640295,-0.293211,-0.620862,-0.416866,-0.663892,-0.450765,0.762037,-0.519644,-0.386355,-0.450864,0.000000,0.000000,0.000000,1.000000
-0.771824,-0.463239,0.435543,-0.292472,-0.398115,-0.182022,-0.899095,-0.349858,0.495774,-0.867340,-0.043934,-0.426548,0.000000,0.000000,0.000000,1.000000
0.555121,-0.717927,0.420026,-0.187276,-0.593783,-0.695671,-0.404307,-0.481960,0.582462,-0.024965,-0.812474,-0.518747,0.000000,0.000000,0.000000,1.000000
-0.424808,-0.878895,0.216981,-0.488615,-0.151476,-0.167295,-0.974201,-0.312096,0.892520,-0.446716,-0.062064,-0.271983,0.000000,0.000000,0.000000,1.000000
-0.154068,-0.920521,0.359031,-0.327480,-0.720137,-0.144179,-0.678687,-0.562833,0.676510,-0.363115,-0.640688,-0.380441,0.000000,0.000000,0.000000,1.000000
0.093422,-0.768557,0.632924,-0.096955,-0.693075,-0.506590,-0.512848,-0.426776,0.714786,-0.390753,-0.579994,-0.489505,0.000000,0.000000,0.000000,1.000000
-0.224591,-0.685972,0.692099,0.020327,-0.722358,-0.359500,-0.590727,-0.288016,0.654032,-0.632615,-0.414777,-0.704027,0.000000,0.000000,0.000000,1.000000
0.185206,-0.979089,0.084167,-0.321667,-0.160085,-0.114564,-0.980432,-0.230951,0.969573,0.168108,-0.177956,-0.594764,0.000000,0.000000,0.000000,1.000000
-0.148922,-0.701445,0.696991,-0.052097,-0.553005,-0.525248,-0.646761,-0.282209,0.819761,-0.481757,-0.309682,-0.554490,0.000000,0.000000,0.000000,1.000000
-0.634383,-0.758104,0.151115,-0.457241,-0.587405,0.345680,-0.731752,-0.275803,0.502507,-0.552977,-0.664608,-0.499927,0.000000,0.000000,0.000000,1.000000
0.433398,-0.901180,0.006419,-0.621410,-0.330207,-0.165423,-0.929300,-0.441409,0.838528,0.400637,-0.369270,-0.201700,0.000000,0.000000,0.000000,1.000000
-0.136775,-0.737117,0.661778,-0.293692,-0.236812,-0.624356,-0.744379,-0.578032,0.961880,-0.258529,-0.089162,-0.371585,0.000000,0.000000,0.000000,1.000000
0.503977,-0.826807,0.249795,-0.401534,-0.139684,-0.363425,-0.921092,-0.720330,0.852347,0.429317,-0.298649,-0.098219,0.000000,0.000000,0.000000,1.000000
-0.679646,-0.724009,0.117870,-0.243192,-0.213851,0.041857,-0.975969,-0.193407,0.701676,-0.688520,-0.183278,-0.594111,0.000000,0.000000,0.000000,1.000000
-0.257339,-0.966202,0.015171,-0.524365,-0.033904,-0.006662,-0.999403,-0.212619,0.965726,-0.257700,-0.031044,-0.521170,0.000000,0.000000,0.000000,1.000000
-0.483797,-0.563804,0.669377,-0.151081,-0.866649,0.202100,-0.456152,-0.265974,0.121900,-0.800800,-0.586396,-0.610347,0.000000,0.000000,0.000000,1.000000
-0.423675,-0.905022,-0.037864,-0.636508,-0.632298,0.325418,-0.703066,-0.325147,0.648612,-0.273930,-0.710116,-0.262044,0.000000,0.000000,0.000000,1.000000
-0.836292,-0.069705,0.543836,-0.214796,-0.540119,0.275285,-0.795292,-0.270523,-0.094274,-0.958832,-0.267868,-0.500168,0.000000,0.000000,0.000000,1.000000
0.133758,-0.963148,0.233356,-0.215546,-0.674132,-0.261027,-0.690950,-0.359176,0.726399,-0.064892,-0.684203,-0.649472,0.000000,0.000000,0.000000,1.000000
0.220351,-0.974220,-0.048387,-0.624419,-0.384582,-0.041184,-0.922172,-0.269395,0.896405,0.221810,-0.383742,-0.271267,0.000000,0.000000,0.000000,1.000000
0.115998,-0.653472,0.748010,-0.186730,-0.295091,-0.741763,-0.602253,-0.617519,0.948402,-0.150871,-0.278877,-0.301095,0.000000,0.000000,0.000000,1.000000
-0.706951,-0.673146,0.217013,-0.243236,-0.612742,0.429685,-0.663264,-0.229872,0.353226,-0.601868,-0.716231,-0.671228,0.000000,0.000000,0.000000,1.000000
-0.861149,-0.466975,0.200893,-0.343873,-0.287419,0.121300,-0.950093,-0.193578,0.419301,-0.875912,-0.238675,-0.466191,0.000000,0.000000,0.000000,1.000000
-0.443183,-0.877504,0.183234,-0.403296,-0.371888,-0.006010,-0.928258,-0.324244,0.815652,-0.479531,-0.323670,-0.555864,0.000000,0.000000,0.000000,1.000000
-0.341673,-0.777173,0.528452,-0.324716,-0.380698,-0.399642,-0.833880,-0.482654,0.859261,-0.486095,-0.159321,-0.483385,0.000000,0.000000,0.000000,1.000000
-0.032542,-0.930363,0.365194,-0.478098,-0.341613,-0.333028,-0.878859,-0.486030,0.939277,-0.153355,-0.306987,-0.302906,0.000000,0.000000,0.000000,1.000000
0.298180,-0.924931,0.235778,-0.219786,-0.769752,-0.379077,-0.513597,-0.299379,0.564420,-0.028346,-0.825001,-0.639607,0.000000,0.000000,0.000000,1.000000
-0.212348,-0.976536,0.035853,-0.518326,-0.618706,0.105958,-0.778444,-0.251280,0.756380,-0.187484,-0.626689,-0.486089,0.000000,0.000000,0.000000,1.000000
-0.409847,-0.899988,-0.148480,-0.628828,-0.508040,0.360421,-0.782299,-0.240823,0.757576,-0.245189,-0.604947,-0.323763,0.000000,0.000000,0.000000,1.000000
0.066112,-0.991425,-0.112721,-0.555504,-0.462250,0.069684,-0.884007,-0.303646,0.884282,0.110549,-0.453679,-0.479228,0.000000,0.000000,0.000000,1.000000
-0.426163,-0.801409,0.419677,-0.309431,-0.337146,-0.289793,-0.895741,-0.389628,0.839474,-0.523225,-0.146692,-0.576079,0.000000,0.000000,0.000000,1.000000
-0.347390,-0.133208,0.928211,0.089169,-0.894956,0.342618,-0.285775,-0.149588,-0.279954,-0.929983,-0.238237,-0.567933,0.000000,0.000000,0.000000,1.000000
-0.776072,0.086327,0.624708,0.004828,-0.559190,0.363806,-0.744951,-0.183319,-0.291582,-0.927466,-0.234066,-0.559627,0.000000,0.000000,0.000000,1.000000
-0.204002,-0.711629,0.672286,-0.110060,-0.860189,-0.197569,-0.470151,-0.394586,0.467396,-0.674204,-0.571830,-0.586981,0.000000,0.000000,0.000000,1.000000
-0.160723,-0.555271,0.815991,-0.111252,-0.966333,-0.079767,-0.244616,-0.499816,0.200918,-0.827835,-0.523757,-0.328585,0.000000,0.000000,0.000000,1.000000
0.368158,-0.699972,0.611963,0.004747,-0.793292,-0.579766,-0.185900,-0.212718,0.484920,-0.417025,-0.768728,-0.618751,0.000000,0.000000,0.000000,1.000000
0.129225,-0.928547,0.347995,-0.463735,-0.580575,-0.355347,-0.732572,-0.434218,0.803887,-0.107370,-0.585011,-0.305558,0.000000,0.000000,0.000000,1.000000
-0.062404,-0.569471,0.819639,-0.024905,-0.997829,0.052934,-0.039193,-0.285313,-0.021067,-0.820305,-0.571538,-0.621354,0.000000,0.000000,0.000000,1.000000
0.739141,-0.398781,0.542811,-0.315802,0.350174,-0.460908,-0.815440,-0.714543,0.575368,0.792804,-0.201033,-0.232652,0.000000,0.000000,0.000000,1.000000
-0.096858,-0.394463,0.913793,0.002428,-0.988656,-0.067757,-0.134043,-0.213285,0.114791,-0.916410,-0.383425,-0.584852,0.000000,0.000000,0.000000,1.000000
-0.188024,-0.957812,0.217356,-0.460940,-0.282528,-0.159204,-0.945955,-0.301762,0.940651,-0.239271,-0.240675,-0.472356,0.000000,0.000000,0.000000,1.000000
-0.939002,-0.003920,0.343889,-0.141006,-0.343805,0.035538,-0.938368,-0.243164,-0.008543,-0.999361,-0.034718,-0.520731,0.000000,0.000000,0.000000,1.000000
0.449496,-0.825040,0.342436,-0.386900,-0.490384,-0.548325,-0.677394,-0.559596,0.746644,0.136560,-0.651056,-0.305702,0.000000,0.000000,0.000000,1.000000
-0.111983,-0.639240,0.760810,-0.134113,-0.227676,-0.728754,-0.645818,-0.473175,0.967276,-0.245539,-0.063931,-0.563291,0.000000,0.000000,0.000000,1.000000
0.698753,-0.466267,-0.542531,-0.807681,-0.595865,0.040293,-0.802073,-0.206882,0.395840,0.883726,-0.249677,-0.150447,0.000000,0.000000,0.000000,1.000000
-0.211044,-0.706834,0.675163,-0.262965,-0.813840,-0.255519,-0.521896,-0.367011,0.541411,-0.659618,-0.521324,-0.407191,0.000000,0.000000,0.000000,1.000000
